200000 5000 1000
151783 155001 1
72616 183373 1
14047 127947 1
99508 116224 1
11295 19545 1
115947 156804 1
133568 200000 1
30659 163056 1
29200 34880 1
55467 122866 1
52599 90097 1
5135 91265 1
93016 185536 1
66223 74762 1
101032 116798 1
105834 159026 1
91587 165300 1
22970 194659 1
73890 74942 1
74962 183070 1
123136 126084 1
90574 106131 1
18656 28383 1
123688 154033 1
72591 151878 1
140991 168472 1
38462 125811 1
7685 58223 1
30451 152530 1
37450 165435 1
29615 152715 1
134899 167518 1
73625 108393 1
91441 150093 1
68149 152893 1
4829 43111 1
85957 165772 1
163733 169897 1
56531 146001 1
2163 194001 1
133602 141668 1
91136 110116 1
64818 196369 1
14527 47379 1
116236 162185 1
5207 180205 1
176000 187090 1
14312 28692 1
77089 80820 1
144037 185982 1
52515 70622 1
40346 143245 1
140675 170659 1
135189 157990 1
128279 175414 1
6003 84266 1
96846 152827 1
76321 109643 1
53979 193860 1
99737 115369 1
61902 91000 1
46272 137093 1
17100 95344 1
6979 190293 1
61565 135722 1
89028 180733 1
53390 54534 1
89099 147839 1
120715 135787 1
86898 151213 1
53068 186667 1
2664 172726 1
128762 172393 1
26453 104224 1
58924 188945 1
54197 66985 1
43360 118852 1
26687 147810 1
6660 157671 1
19349 141696 1
28261 163765 1
35237 101885 1
57543 145330 1
29303 73817 1
9922 15089 1
71262 160543 1
118614 154564 1
32939 72860 1
89092 168573 1
77926 129802 1
75228 165772 1
69994 105403 1
77745 111978 1
6281 14986 1
9535 16997 1
64804 164831 1
107740 125174 1
19429 147688 1
126602 168257 1
55758 85901 1
37065 43219 1
166552 191919 1
103055 185050 1
14255 194794 1
139201 185512 1
80917 190884 1
68925 155775 1
60900 97090 1
83368 168659 1
75254 165559 1
47672 172600 1
134582 186877 1
10141 153772 1
96752 194520 1
53270 165366 1
9811 93380 1
104806 176398 1
98838 119831 1
16633 29785 1
42227 154368 1
32297 160781 1
39600 187344 1
35591 97787 1
61486 87421 1
60011 72938 1
121196 199780 1
149765 191351 1
28383 124172 1
43298 178288 1
37501 112619 1
69899 162986 1
47593 98196 1
25006 171096 1
113924 120558 1
53834 171622 1
162014 168768 1
124771 149150 1
48322 109000 1
45283 52115 1
16647 195972 1
45321 157541 1
110753 189875 1
14497 56300 1
60851 136340 1
92639 93168 1
110395 155356 1
178955 195772 1
44153 152942 1
162899 198196 1
85570 191419 1
119953 167690 1
147354 185617 1
57517 76161 1
94026 122782 1
67408 125230 1
71498 128926 1
41895 52704 1
96435 182867 1
71880 134899 1
67722 143967 1
27755 164400 1
6768 141105 1
98710 158694 1
23262 63744 1
27154 77517 1
1738 45042 1
87399 112619 1
82939 185209 1
52524 107284 1
45350 147973 1
1512 40867 1
148599 171766 1
35594 135074 1
65254 183902 1
59462 193568 1
15089 165444 1
157274 176060 1
97042 109539 1
39678 73212 1
97312 190332 1
27010 104863 1
24421 88154 1
32026 108770 1
119713 149114 1
23457 153140 1
38875 172659 1
147110 181550 1
191316 194136 1
47806 155294 1
25004 33663 1
136984 198502 1
72927 141583 1
128388 176856 1
165087 182226 1
6788 90502 1
56220 82474 1
66160 198346 1
123688 178326 1
38081 116371 1
66160 142934 1
103346 157720 1
83614 128117 1
37645 69023 1
29200 187459 1
5968 92936 1
53607 140029 1
99540 125478 1
66725 82042 1
162484 174102 1
13936 13940 1
162013 184420 1
37546 91746 1
95156 144768 1
61407 197624 1
66695 75791 1
71092 131110 1
166618 173297 1
145900 188751 1
52841 55104 1
13770 112205 1
12298 41554 1
95533 164998 1
109861 118397 1
24129 72996 1
19826 52218 1
971 195040 1
10122 195813 1
62927 94762 1
2836 137304 1
48482 139909 1
41571 112758 1
165945 179131 1
13546 149347 1
112511 125837 1
128117 136493 1
7201 8387 1
77530 105698 1
102643 142537 1
46604 174756 1
50554 198938 1
55046 66503 1
99508 189838 1
65549 132683 1
1876 180155 1
96266 133523 1
53330 59644 1
40954 192274 1
77070 87539 1
42697 106023 1
14705 59149 1
24070 153053 1
156868 190313 1
158776 195761 1
76230 179505 1
113150 118032 1
102425 145953 1
62536 74519 1
78340 175461 1
7592 90629 1
58669 186577 1
603 153546 1
131662 164057 1
12299 36155 1
97080 120314 1
118525 175622 1
1474 58967 1
86183 156004 1
33704 166470 1
9276 115997 1
62441 188527 1
92065 174084 1
144966 161476 1
148705 170719 1
74519 100548 1
17483 90967 1
173747 186877 1
124270 178547 1
107582 166756 1
54701 102177 1
92992 157195 1
9334 51243 1
34998 123974 1
95034 183161 1
26435 27055 1
14497 127015 1
34098 190463 1
117329 119528 1
16549 24178 1
16856 188388 1
73078 101324 1
29094 76991 1
14361 45921 1
35764 73771 1
110751 120540 1
173780 191162 1
120805 167242 1
2889 98002 1
56403 157149 1
112994 160870 1
54022 199141 1
16764 141671 1
29876 92395 1
105916 169421 1
154522 180363 1
101295 167700 1
2929 139646 1
140872 169111 1
156981 167652 1
27851 179450 1
73046 184910 1
37484 52437 1
43825 92133 1
119720 163499 1
84140 199310 1
103759 197049 1
34742 75770 1
693 29843 1
86961 136493 1
107328 172766 1
105421 154589 1
66345 168442 1
97341 140362 1
9220 161072 1
555 189306 1
60141 192552 1
14636 95198 1
5231 81766 1
30573 74170 1
19235 142672 1
46793 141204 1
7536 35952 1
36290 165113 1
54250 167014 1
13679 48116 1
126011 166325 1
43064 157073 1
118720 157862 1
38526 184447 1
7907 162379 1
89476 100994 1
77073 124709 1
78505 89092 1
112654 171291 1
32905 128953 1
30159 67397 1
86684 192696 1
29817 161476 1
22089 53508 1
74828 148093 1
13041 108054 1
170492 185200 1
87708 126027 1
58449 141276 1
68261 162504 1
4829 8074 1
11083 165366 1
109577 110671 1
87150 195843 1
11303 37991 1
137203 189405 1
2103 105544 1
50161 86039 1
4897 39014 1
97495 155692 1
4939 168285 1
92875 142390 1
78931 174292 1
150255 195813 1
28692 169684 1
175414 197440 1
3929 101941 1
109262 140241 1
52599 58412 1
35693 137973 1
73149 199276 1
5205 57455 1
99649 128481 1
21350 21991 1
12298 133296 1
23479 119720 1
153971 185283 1
85244 115830 1
71259 166274 1
37671 177777 1
173670 192114 1
20980 28381 1
402 55053 1
139222 142474 1
108513 123312 1
37749 169264 1
34440 94112 1
24757 41895 1
87533 146688 1
110412 182504 1
128906 129930 1
151389 180987 1
46272 180882 1
60896 159280 1
48151 185209 1
46845 142544 1
5259 181293 1
9135 51081 1
149144 150450 1
8532 124629 1
42332 132011 1
31508 97305 1
105707 131822 1
45921 76057 1
16142 156132 1
19848 139302 1
35370 71864 1
66872 162005 1
36541 69219 1
105701 138478 1
79417 150557 1
88080 176244 1
63744 191818 1
29989 180317 1
23202 23959 1
72936 131101 1
173756 197511 1
57401 180098 1
174431 198219 1
159276 182354 1
13523 63629 1
100597 164552 1
134582 193448 1
62536 62567 1
157503 184026 1
103879 166359 1
96945 140114 1
182067 184428 1
117355 132743 1
147222 170382 1
52376 53979 1
128987 153921 1
14540 192857 1
52950 99009 1
62734 70582 1
12773 29485 1
108054 154058 1
109361 197803 1
139793 155305 1
55789 137692 1
73336 190279 1
53884 176004 1
7071 99880 1
70534 142225 1
66613 131904 1
21402 94877 1
48378 193087 1
17713 134621 1
30500 189908 1
126540 183210 1
45651 178288 1
80031 119301 1
1481 141734 1
49539 122414 1
4533 72975 1
149779 152128 1
17584 57663 1
6009 189908 1
3619 87376 1
65264 147668 1
24048 153256 1
98710 186455 1
69435 78145 1
26867 89052 1
143480 175973 1
78783 197547 1
99874 115788 1
97854 133491 1
58381 185596 1
31255 144941 1
40180 91594 1
22957 125959 1
172281 199112 1
21969 97272 1
145270 172697 1
61635 142800 1
170555 178924 1
191818 193499 1
4935 128314 1
82222 152762 1
32479 98444 1
43274 46334 1
172000 194780 1
39544 77913 1
44101 44140 1
80191 188094 1
95775 169532 1
78428 129967 1
1750 71724 1
2305 97937 1
70437 129937 1
102425 163219 1
64507 126320 1
9905 152910 1
124415 147688 1
130948 154831 1
112121 150683 1
25769 145261 1
60337 193568 1
55984 170816 1
145452 161051 1
25966 94598 1
26789 131226 1
11303 179179 1
166359 191738 1
85838 127645 1
68313 162880 1
99728 196306 1
162005 172567 1
124676 186232 1
5537 15679 1
3761 77254 1
152910 155375 1
40394 92242 1
49817 172064 1
20314 175677 1
95236 188732 1
22989 63150 1
37211 157104 1
50753 190800 1
33704 73006 1
11845 157766 1
6752 139256 1
138600 139515 1
15502 161418 1
27815 116449 1
76161 172611 1
124172 149108 1
105672 192841 1
82819 130026 1
21803 22402 1
3991 173052 1
7592 26038 1
14739 32917 1
4320 197794 1
69663 197794 1
160481 176162 1
77018 146678 1
6981 71880 1
9334 68452 1
72430 103836 1
190319 197648 1
23032 107700 1
33640 185087 1
50958 76487 1
24630 145004 1
162899 190407 1
13569 91609 1
120718 155855 1
140675 164677 1
12903 176162 1
13224 36052 1
97418 153917 1
132855 167925 1
14212 74129 1
13041 90300 1
15476 193925 1
112511 131750 1
64739 160857 1
104091 111753 1
31924 51925 1
47709 184793 1
102876 121220 1
37385 56494 1
16276 80821 1
32426 127912 1
66369 98257 1
63584 165350 1
34804 124122 1
57530 74476 1
90734 108491 1
61106 85004 1
109636 115789 1
90872 169897 1
78611 101995 1
75228 127717 1
49209 130944 1
1738 98332 1
72532 199972 1
47672 173753 1
137067 172834 1
92761 150825 1
183986 186787 1
52959 95883 1
82474 179449 1
84377 119927 1
170794 189726 1
14294 89066 1
18656 90716 1
111657 145286 1
43350 152058 1
5576 158256 1
146512 199309 1
526 88469 1
69231 86583 1
162237 188330 1
178099 193959 1
90792 160232 1
95344 123738 1
21594 144618 1
51018 141824 1
76968 173637 1
48332 89769 1
55422 130784 1
53151 91363 1
36182 171083 1
92146 179450 1
124493 193309 1
74397 183373 1
103759 147529 1
70173 89856 1
75258 190463 1
67978 68515 1
3546 149518 1
36471 78872 1
111050 197856 1
35458 99540 1
66876 182284 1
125952 158546 1
41784 182964 1
4177 93873 1
91609 104358 1
75932 83881 1
95686 147809 1
19052 162349 1
65523 174970 1
8086 108373 1
49817 170186 1
121122 195031 1
136719 181121 1
97199 118156 1
125814 187713 1
44929 139006 1
82042 115789 1
13459 49176 1
160874 168825 1
55104 180729 1
68732 100656 1
4739 57663 1
48992 180223 1
48672 84315 1
61703 140786 1
123482 180205 1
6668 94501 1
71724 121889 1
26528 65644 1
27698 131703 1
12227 183213 1
77286 173568 1
14705 133559 1
72575 92458 1
20633 197049 1
32767 94450 1
16834 50597 1
56863 181489 1
9078 164218 1
46228 148857 1
24090 85479 1
57615 98454 1
123312 148278 1
60038 78931 1
104871 142280 1
23922 112707 1
106989 173664 1
55870 145894 1
84269 150683 1
142607 178585 1
82221 104358 1
93845 143139 1
68412 170845 1
14709 27179 1
45609 70518 1
128634 185228 1
92137 154075 1
64193 160946 1
1944 145452 1
98040 129570 1
128007 155001 1
110772 169455 1
8384 26528 1
9 22974 1
77570 179928 1
92619 186060 1
3839 190800 1
158022 195554 1
103294 194250 1
43209 104759 1
81779 124819 1
82250 117595 1
61381 142652 1
4532 117016 1
33668 49339 1
61556 190525 1
71936 118291 1
110066 197400 1
34508 78305 1
23591 56407 1
96045 105495 1
70703 160002 1
78816 168562 1
76289 105116 1
102000 119667 1
52734 97573 1
172955 177073 1
22429 70744 1
25594 89361 1
98333 127875 1
105328 181370 1
5912 42302 1
114418 150803 1
21615 197511 1
35926 173173 1
53834 121722 1
15830 120540 1
41573 110772 1
84023 125570 1
112810 157024 1
41571 45403 1
115597 176338 1
24140 186371 1
27859 190535 1
87811 122506 1
106774 110066 1
31916 125811 1
30929 166153 1
60756 165327 1
5785 198699 1
50244 89020 1
52704 163110 1
105352 173052 1
107700 187696 1
76803 99799 1
17244 149846 1
40241 171827 1
48422 93501 1
93879 168991 1
123134 186044 1
74129 185113 1
34138 62826 1
112786 126021 1
2304 128782 1
65148 73755 1
5912 194275 1
36950 104811 1
139415 168081 1
116919 152617 1
25635 57530 1
52138 56090 1
13184 129164 1
133236 196534 1
100427 173246 1
107100 199972 1
52239 175726 1
81433 151362 1
30565 197295 1
29000 190952 1
25350 128327 1
100239 147252 1
3454 32939 1
22388 84882 1
95090 151362 1
48082 158634 1
39420 85479 1
146688 198363 1
147387 180373 1
176211 191160 1
41880 97096 1
2357 31168 1
2189 43219 1
15403 15901 1
169254 194520 1
19052 37991 1
92619 149144 1
48836 145101 1
51355 104899 1
3162 28666 1
30018 87783 1
45732 168495 1
110495 128304 1
156068 185350 1
41520 151730 1
29006 191713 1
94774 174786 1
15927 34041 1
29997 178067 1
6601 175461 1
78372 138888 1
93016 172112 1
22089 73159 1
75775 147199 1
37695 120015 1
148248 178848 1
32359 42854 1
32726 113692 1
53539 129994 1
18467 110492 1
58194 76657 1
113881 185224 1
107332 166165 1
39546 56685 1
24253 157368 1
126774 143599 1
5968 89666 1
65359 168038 1
66303 140994 1
92103 129183 1
105172 134428 1
102318 136572 1
86990 116442 1
26656 100870 1
116602 117016 1
32687 71936 1
128427 169622 1
14124 116174 1
89377 147083 1
62734 102791 1
37606 115315 1
123502 159747 1
49519 77612 1
35268 105403 1
112567 166638 1
48976 159747 1
53556 127545 1
56359 90763 1
18467 106774 1
36590 91867 1
158265 165559 1
22868 108699 1
33243 158776 1
60242 132466 1
67408 101885 1
152530 167528 1
9671 144624 1
7953 143496 1
2486 195276 1
110116 157503 1
26673 74983 1
115947 141888 1
33296 184732 1
40159 189673 1
59434 81857 1
86696 195824 1
19318 136030 1
145711 157695 1
186001 197518 1
120461 189581 1
46305 104990 1
110329 190630 1
55037 189673 1
67767 85200 1
6487 90081 1
167254 183090 1
40119 97898 1
157286 161072 1
48976 126832 1
46152 198140 1
119048 194210 1
143514 144494 1
61287 168116 1
17584 150477 1
26658 131559 1
18219 89402 1
51686 186127 1
145261 189731 1
48804 123284 1
129421 152128 1
22858 170128 1
125570 150876 1
96231 168991 1
71412 80322 1
1460 175912 1
9372 85499 1
11801 21025 1
61565 117529 1
6134 93388 1
63272 145569 1
2103 157073 1
65409 153864 1
35952 167544 1
6660 119567 1
97312 132395 1
99195 197340 1
36590 115419 1
22239 199426 1
61325 64077 1
92087 124884 1
148256 180439 1
113342 191608 1
49998 110992 1
124020 152355 1
35786 42744 1
43209 170845 1
27698 108505 1
36177 135743 1
110964 176219 1
109033 143772 1
33240 190002 1
39109 105925 1
131662 192951 1
46605 113585 1
116223 157990 1
10464 146659 1
52151 62879 1
98054 183832 1
22726 99009 1
51243 63049 1
10500 63536 1
50554 159507 1
82384 121220 1
41750 187843 1
52456 129438 1
90601 159445 1
178146 192519 1
109648 180558 1
348 94142 1
8074 119399 1
98054 193374 1
105028 117995 1
34545 105328 1
34374 129000 1
86021 181447 1
16974 25829 1
94396 101295 1
69793 168825 1
42907 178544 1
83449 90081 1
169447 176219 1
84535 141686 1
64798 133541 1
43443 133433 1
13233 82805 1
24129 139100 1
95596 144744 1
110166 190279 1
44765 75735 1
89052 105387 1
20355 141472 1
28504 37385 1
79839 144355 1
2281 140827 1
16596 49730 1
38445 145217 1
929 150410 1
165354 179444 1
96321 103243 1
27570 119688 1
18190 101710 1
84199 99466 1
1153 97651 1
51867 148905 1
31318 138916 1
112786 167409 1
138926 139985 1
136570 189066 1
4762 118624 1
92861 148003 1
90448 188156 1
8086 183857 1
27859 54022 1
47816 164988 1
116129 124434 1
50568 77570 1
186559 192567 1
117137 178116 1
23034 140362 1
179074 189609 1
22380 137076 1
64373 127369 1
122074 126719 1
89232 120109 1
179354 195869 1
99491 145893 1
109361 192810 1
79044 94762 1
107857 186289 1
80522 192496 1
11527 170659 1
57740 74671 1
82448 106686 1
23494 139285 1
19608 84395 1
7535 192552 1
138926 186528 1
32747 109521 1
8066 126242 1
75775 157567 1
89066 110828 1
168947 198178 1
66356 158356 1
52108 174036 1
66340 80098 1
105352 178839 1
16281 177627 1
2554 120034 1
46845 171338 1
38529 76967 1
5906 174102 1
67007 167037 1
33720 70173 1
29997 198653 1
86180 144797 1
53043 128314 1
17185 116224 1
34545 84882 1
168038 168442 1
158202 174606 1
129162 167995 1
53270 94592 1
72963 195402 1
114172 156688 1
7953 56514 1
56520 163310 1
85907 111792 1
119787 193192 1
75385 128676 1
47654 196835 1
54819 145270 1
55856 143514 1
124313 163765 1
102244 119512 1
15833 131636 1
16050 178798 1
33573 183832 1
97926 146285 1
89611 156068 1
35540 40595 1
64739 115512 1
42554 43713 1
76878 135305 1
111398 198238 1
104450 178099 1
27645 188076 1
5985 88389 1
92103 178736 1
186341 187272 1
94770 98730 1
9178 135183 1
13436 88881 1
84836 129322 1
95470 110370 1
141259 198754 1
40180 81673 1
1 165656 1
112759 135722 1
66124 169722 1
136270 170492 1
98918 105947 1
99332 131648 1
150769 183546 1
19603 36189 1
157541 187980 1
78915 79839 1
57517 95340 1
115593 137203 1
207 149887 1
110403 189945 1
9535 177627 1
77070 93268 1
49038 167505 1
159987 180373 1
70332 101738 1
24036 139415 1
131961 178585 1
120437 156143 1
20176 44118 1
18177 153864 1
77114 197372 1
72117 180466 1
125553 129918 1
24757 48332 1
64307 191608 1
7535 67891 1
48672 180881 1
45082 174786 1
116602 164513 1
33412 33668 1
1658 43064 1
108393 133764 1
116244 191943 1
42222 151731 1
56073 124884 1
71259 75341 1
16647 82048 1
66611 78145 1
12964 61804 1
16321 118291 1
29341 90587 1
79169 120997 1
121973 194250 1
53677 56660 1
86021 125288 1
8489 194249 1
15653 84998 1
23383 158700 1
80522 129851 1
23479 143969 1
39646 79789 1
149705 165300 1
89440 193069 1
118171 140192 1
143570 197614 1
107792 109635 1
21124 159450 1
99880 142355 1
35285 140498 1
16547 21319 1
28989 134450 1
67804 170603 1
119750 172239 1
88034 110671 1
103429 175349 1
92861 119831 1
123892 183549 1
109521 121898 1
104224 126160 1
41937 88950 1
101324 138888 1
59080 168802 1
110166 147942 1
82562 181485 1
13523 97937 1
65359 145571 1
66096 148173 1
161797 189229 1
1950 139250 1
11255 193297 1
116174 157808 1
30522 133835 1
30916 92527 1
29785 179298 1
30092 40474 1
83203 196503 1
34393 146351 1
53666 127906 1
72386 158933 1
7810 100384 1
38448 135129 1
83449 151783 1
28021 115458 1
22807 129438 1
27691 193518 1
25196 192810 1
24012 70549 1
145499 146302 1
141345 143606 1
189515 189923 1
27209 130327 1
94529 94780 1
15965 103022 1
18023 149613 1
55238 81169 1
122423 192141 1
81072 117017 1
64158 109164 1
131889 141204 1
44357 124208 1
29531 141668 1
59368 130817 1
121542 176398 1
28666 133306 1
136965 153639 1
138286 196628 1
12964 70133 1
5231 184864 1
30030 42754 1
9811 51760 1
81766 167000 1
36169 76954 1
25350 140643 1
45563 87714 1
66768 118127 1
58414 71004 1
43051 90521 1
89783 174991 1
88389 135802 1
115616 139917 1
123022 171802 1
107582 111507 1
85838 105790 1
15859 69273 1
76781 89083 1
46528 76158 1
27851 137853 1
9690 134389 1
59623 117632 1
599 51018 1
63322 125230 1
135270 195358 1
103055 138053 1
10913 197604 1
22989 101710 1
106356 127337 1
96179 168656 1
127003 166770 1
38293 129721 1
125174 184753 1
128472 133236 1
160874 180892 1
64725 129570 1
82586 97204 1
15760 86335 1
12941 89402 1
47156 165113 1
24630 94102 1
74115 182891 1
56251 160803 1
69974 98730 1
66264 184732 1
105925 152245 1
119639 129855 1
57804 142549 1
26435 83215 1
48357 195258 1
15117 20589 1
37253 141341 1
122423 162290 1
54347 162695 1
41811 52841 1
138959 145884 1
6390 22371 1
76571 85582 1
61674 140777 1
74671 95520 1
3090 180675 1
140192 165023 1
71426 156916 1
51900 90468 1
5830 108092 1
38526 107290 1
46667 159211 1
24106 87410 1
50597 61320 1
13118 110625 1
97787 151730 1
8160 63150 1
83493 129716 1
12353 39085 1
1218 69597 1
126540 136149 1
13570 123738 1
6752 110902 1
21739 196256 1
124415 180527 1
76878 90938 1
58241 133608 1
104333 152125 1
77333 121212 1
105468 150255 1
155081 193448 1
179444 185349 1
99026 99086 1
43360 196307 1
109539 166149 1
51589 117595 1
38518 109318 1
22781 173958 1
108063 168406 1
64373 194001 1
44101 72478 1
18529 118171 1
115174 127769 1
16100 164729 1
105039 198196 1
32026 162396 1
8202 117729 1
68385 140989 1
27781 119913 1
19280 87539 1
5698 33296 1
62136 160365 1
114139 146628 1
198140 198936 1
7049 143333 1
119934 169792 1
14653 27150 1
86426 113390 1
99649 161377 1
3780 97038 1
36541 103680 1
5308 197276 1
131636 176664 1
27570 27685 1
12636 72532 1
18945 73614 1
127832 148256 1
38646 49260 1
34024 46334 1
45283 48322 1
22402 69714 1
142468 147953 1
48394 78083 1
46403 128427 1
2112 51959 1
30596 117914 1
147391 194722 1
104137 184834 1
55107 162648 1
62441 138703 1
13224 139160 1
167690 172787 1
143496 156120 1
101928 161663 1
87801 151870 1
100500 159912 1
21991 179322 1
75861 85049 1
8543 124819 1
42554 99728 1
93380 198938 1
15859 182666 1
59503 138978 1
95619 96435 1
26185 33998 1
7181 53151 1
157695 199409 1
24310 132743 1
50002 64564 1
98950 133040 1
5308 191655 1
21025 121543 1
7041 128388 1
23118 108278 1
62344 96999 1
3935 55204 1
48849 162880 1
13686 110441 1
28635 148278 1
24275 94054 1
25490 119553 1
8683 93216 1
37721 61934 1
38510 99366 1
58800 168990 1
52247 62879 1
177696 184670 1
27154 44357 1
146349 158656 1
126602 138524 1
71592 157474 1
17978 73908 1
9922 56942 1
109000 194780 1
127197 176390 1
7647 185449 1
81789 195972 1
97854 106356 1
45638 145509 1
24275 40241 1
66264 70032 1
70914 185200 1
58241 163389 1
128763 181542 1
24109 89099 1
71769 85038 1
123134 187079 1
118156 161377 1
15765 76475 1
23671 118121 1
13736 25880 1
58664 77363 1
51900 136984 1
13549 173118 1
34610 104759 1
62356 129906 1
171083 197440 1
41892 47576 1
13872 198751 1
33986 73608 1
3976 32422 1
42567 149617 1
26871 117779 1
139553 156117 1
12739 23344 1
22212 97267 1
13370 129906 1
108092 115748 1
91545 122176 1
174848 185224 1
106223 175912 1
34225 105116 1
69280 191420 1
64507 154749 1
95156 148176 1
4252 144042 1
72446 194479 1
37103 70604 1
14405 49519 1
20448 149998 1
54331 116130 1
55204 160720 1
180558 195508 1
138351 178296 1
121518 157862 1
99366 117811 1
52815 69646 1
180155 196402 1
76796 93567 1
70582 186455 1
173227 182705 1
11610 137142 1
62653 130715 1
76979 82819 1
31883 146615 1
154339 158016 1
58956 117672 1
18765 198376 1
31675 108288 1
27536 116284 1
51925 143862 1
71792 87388 1
29119 189875 1
15701 190535 1
55238 87533 1
13118 192694 1
18659 193305 1
110178 141824 1
43875 194437 1
141180 176000 1
15653 132021 1
159688 197935 1
12204 57322 1
45094 56268 1
131650 136932 1
48736 51142 1
52579 196295 1
47514 148705 1
117399 155775 1
6979 25081 1
88074 94933 1
29273 111576 1
348 109906 1
11036 107764 1
20079 123136 1
193475 197295 1
60080 78080 1
59247 153053 1
61281 114050 1
63838 74885 1
4208 161646 1
132032 177777 1
10120 168717 1
59503 130948 1
117325 152358 1
95282 103848 1
142468 178924 1
27558 32077 1
66124 90890 1
105698 139762 1
46456 186692 1
108314 191930 1
73032 153944 1
134293 166770 1
148039 185846 1
111462 192523 1
1957 168947 1
102456 103259 1
24114 54358 1
86879 153011 1
105988 151212 1
133433 177613 1
31371 163663 1
67455 148811 1
76881 89371 1
35926 69994 1
30971 144042 1
23052 180766 1
177584 180394 1
36635 129851 1
29919 139793 1
32638 59247 1
72616 189945 1
46881 137030 1
6915 24375 1
76277 88974 1
40433 148602 1
45638 58089 1
64775 176711 1
28624 188123 1
7527 100701 1
57324 133899 1
133523 144469 1
103276 106272 1
39616 182666 1
109406 170484 1
96508 117869 1
26333 119567 1
156650 168116 1
145217 173424 1
108586 136303 1
40301 179413 1
72618 156926 1
44183 52108 1
39544 121722 1
164083 176294 1
106923 111581 1
48224 161567 1
163719 191908 1
116244 195395 1
20176 135751 1
64366 72705 1
16974 17115 1
34138 95511 1
72629 161178 1
80696 138524 1
94926 116618 1
36299 139208 1
93573 163809 1
77530 171309 1
61994 86052 1
58886 177647 1
119787 157231 1
2882 179857 1
107552 162986 1
97042 111753 1
21222 76979 1
52629 131266 1
33573 141605 1
45605 184910 1
13736 189202 1
117201 151553 1
92948 140355 1
110656 121139 1
45094 188817 1
30186 186568 1
62582 89020 1
49125 134580 1
78372 162749 1
81637 92720 1
16997 127875 1
53463 135194 1
393 93053 1
128987 170496 1
79939 84377 1
41886 101353 1
1658 24048 1
12927 65254 1
86684 105038 1
72591 180143 1
77627 172319 1
128410 183242 1
23034 185016 1
132011 187342 1
6788 98040 1
81779 81829 1
74962 136420 1
35921 96755 1
138645 190952 1
52247 104298 1
60900 161280 1
25769 184793 1
6 165909 1
317 20220 1
22145 47218 1
317 117142 1
31579 192841 1
42472 146626 1
84870 181141 1
90796 160814 1
47138 177172 1
164552 179681 1
144790 154468 1
83721 103297 1
43836 186956 1
61674 190836 1
122719 191419 1
126832 174267 1
101824 110016 1
5911 128373 1
49518 137692 1
154458 197624 1
87410 190282 1
9905 71646 1
131250 181542 1
77924 194537 1
7536 192096 1
60337 120718 1
121889 125837 1
62826 91363 1
45563 63000 1
79700 118770 1
117399 177244 1
3094 43358 1
76475 166177 1
29919 184670 1
38646 85939 1
3383 138065 1
157671 182379 1
104333 146307 1
68663 131822 1
58199 190407 1
18346 122891 1
7147 49209 1
97898 165313 1
11974 116806 1
80031 87644 1
10110 120235 1
60080 162060 1
155501 160946 1
33959 73890 1
56082 150515 1
27764 64359 1
28639 175546 1
104871 114957 1
41937 114928 1
101800 148383 1
60374 130416 1
128395 135883 1
34121 117672 1
107552 165023 1
38936 102177 1
87382 173970 1
90988 194974 1
48722 84545 1
474 144469 1
18495 180143 1
59956 135939 1
84016 134610 1
121656 196503 1
70549 85049 1
19925 148894 1
142390 149103 1
116803 186528 1
30193 182891 1
17878 57324 1
13184 128390 1
2017 195064 1
111581 145767 1
44964 178502 1
1555 102134 1
61461 148187 1
52386 120223 1
28391 173607 1
18190 60896 1
128715 149846 1
51609 176185 1
117729 183546 1
8202 103802 1
7201 120375 1
36950 115753 1
140241 192496 1
5995 65768 1
29562 142582 1
98619 121421 1
34499 151623 1
1460 67623 1
72117 141271 1
107764 114611 1
119927 193480 1
14453 23118 1
49569 170640 1
98220 130656 1
51845 61338 1
84979 95100 1
37103 166099 1
129322 161729 1
81359 178227 1
48722 106099 1
4809 121898 1
141296 168934 1
111421 127717 1
3935 128715 1
146406 159205 1
61737 90448 1
56942 142934 1
39826 103090 1
112639 163719 1
32488 55512 1
7998 109318 1
50589 107550 1
20292 140179 1
112639 152215 1
21674 117164 1
97039 124987 1
139106 189405 1
90966 154831 1
46362 85582 1
98989 139908 1
32747 60242 1
17320 88320 1
30462 96206 1
82262 124275 1
89944 117762 1
108794 181286 1
44331 124522 1
94268 117709 1
71371 111887 1
13679 190822 1
63742 181876 1
149979 159720 1
130130 164557 1
162060 166442 1
87388 115239 1
12663 152215 1
138813 186178 1
49504 143811 1
126107 190332 1
83192 113727 1
84375 98055 1
11974 137836 1
7185 146678 1
141915 185061 1
44871 80930 1
32413 76031 1
53525 147013 1
42567 184834 1
47654 150148 1
114993 190245 1
48106 98989 1
100008 156132 1
49471 144618 1
9902 155869 1
18465 174970 1
70193 158933 1
74790 106955 1
83295 102233 1
10653 115369 1
97080 135189 1
61248 113924 1
138606 145330 1
69913 114006 1
58082 154972 1
6123 105579 1
29418 149881 1
166957 173118 1
23109 37966 1
163215 175828 1
66475 157897 1
60541 163102 1
43298 48381 1
86898 194499 1
12168 15783 1
99799 117828 1
8923 83137 1
111799 128395 1
176639 179074 1
43844 53966 1
74952 161762 1
38738 58700 1
48381 112934 1
11122 47341 1
50082 176060 1
14064 17327 1
113186 147191 1
110753 170555 1
130555 149114 1
63838 91943 1
37679 62080 1
61341 100725 1
44140 198790 1
65312 77694 1
87376 143312 1
69790 162455 1
85535 186010 1
43714 127621 1
62683 135873 1
6908 125439 1
39391 163389 1
85823 156916 1
23002 41307 1
12746 17274 1
24178 96179 1
108795 143330 1
90468 180733 1
102635 178116 1
82338 149103 1
94598 110703 1
72708 165124 1
24330 54331 1
25966 101504 1
92527 182284 1
32294 75199 1
44822 162223 1
58669 160148 1
32479 99992 1
162484 183213 1
6601 99026 1
12739 105870 1
56251 155243 1
16202 124275 1
18535 33836 1
118127 138756 1
72478 102643 1
59434 196960 1
49693 169111 1
131772 192471 1
20660 46250 1
96752 190002 1
106308 137080 1
53476 182350 1
27706 188817 1
108652 151887 1
106272 129720 1
18438 46152 1
46189 183857 1
26185 140151 1
93168 124493 1
100925 138351 1
49176 181141 1
32611 132949 1
39964 51139 1
170484 191713 1
112353 183549 1
40119 89002 1
120015 140827 1
47908 101995 1
49038 106379 1
71339 177333 1
10236 67455 1
57580 64575 1
85552 104643 1
114611 131177 1
32970 193136 1
47376 102139 1
26656 113186 1
418 136901 1
40729 162637 1
39646 51779 1
122506 169600 1
112707 113045 1
402 77415 1
31295 155935 1
95043 140498 1
63010 104450 1
101257 163500 1
141980 174153 1
100994 107621 1
84266 98257 1
66695 80930 1
20079 78431 1
110706 148811 1
31168 131346 1
114119 149881 1
124603 185111 1
13693 144624 1
9502 172648 1
207 107284 1
118614 186232 1
98884 106826 1
37679 82805 1
114050 151129 1
94312 114482 1
56073 104990 1
47593 105988 1
75386 191313 1
123485 147387 1
12168 82046 1
17048 35533 1
32638 53129 1
193309 197857 1
91155 114782 1
1993 10653 1
28391 117875 1
74980 100373 1
134481 140877 1
9161 37484 1
8489 160027 1
159987 174744 1
58284 131559 1
44382 82884 1
68584 131772 1
24726 99107 1
48338 187951 1
1868 116263 1
51372 145272 1
132807 178296 1
2711 90796 1
17241 60422 1
64048 180234 1
39616 114957 1
38529 188751 1
13233 42654 1
41750 111992 1
66143 143117 1
117715 193589 1
99958 160803 1
97926 114537 1
73636 187090 1
90987 122401 1
6134 14080 1
4177 143545 1
74295 172787 1
141605 153172 1
176664 176856 1
2770 7404 1
73078 160870 1
47138 102243 1
127545 154653 1
60280 93848 1
92396 126242 1
88974 127645 1
7220 83354 1
43525 167519 1
66408 157615 1
112865 124682 1
52765 76618 1
17115 129162 1
160 132254 1
44520 145192 1
25129 33301 1
79651 146692 1
9854 34742 1
606 88477 1
79258 188611 1
11334 96910 1
8947 144037 1
127069 135139 1
117201 185979 1
18824 56238 1
11175 107550 1
37823 184958 1
42867 69597 1
13436 37063 1
137073 139160 1
27764 151352 1
60722 70178 1
58700 198830 1
87570 155294 1
77781 93715 1
35261 47634 1
19603 63584 1
187463 198240 1
14250 180351 1
50652 56863 1
50002 75962 1
13770 139201 1
112606 143415 1
67946 97199 1
73212 148323 1
61995 116618 1
71904 140492 1
123892 181277 1
55870 132466 1
126961 165213 1
94836 125252 1
42968 66611 1
15731 146512 1
102493 115753 1
75011 150959 1
50802 76200 1
20069 108586 1
114167 139008 1
157618 162226 1
31170 101738 1
2906 42907 1
45554 72423 1
120845 189372 1
100163 173246 1
13370 116228 1
57163 127912 1
17073 166688 1
47218 108505 1
77787 138266 1
39109 142607 1
34315 189033 1
16321 186373 1
3536 75200 1
33959 177279 1
127197 139896 1
54819 91755 1
93053 171802 1
60621 84219 1
76837 180153 1
78521 183365 1
132820 171909 1
59339 77168 1
73149 117452 1
46479 122659 1
80322 84870 1
1750 196295 1
75081 101793 1
16100 59149 1
6634 63026 1
65513 67868 1
52195 182035 1
90792 125821 1
2169 139250 1
121973 180153 1
36635 161207 1
28381 34575 1
19898 48736 1
23453 174084 1
174744 179413 1
3336 183090 1
3092 134389 1
36196 182394 1
89214 143969 1
1215 165656 1
79939 147013 1
160232 186044 1
94968 179384 1
139847 177402 1
85921 165323 1
111978 118243 1
84539 117529 1
98962 133559 1
72996 179354 1
102876 114092 1
137853 151620 1
26075 54250 1
76101 197614 1
86583 132929 1
52766 78847 1
77370 97914 1
89028 179580 1
121160 167778 1
44235 192813 1
117962 197935 1
103680 111155 1
41616 182035 1
28303 134610 1
89377 114245 1
72771 129862 1
16497 157897 1
182525 192057 1
20698 40159 1
903 126874 1
16834 116508 1
96465 167797 1
23871 84269 1
46403 181970 1
45528 122869 1
44520 67832 1
17483 96625 1
2836 8387 1
144417 172000 1
9078 186051 1
24239 42451 1
37150 132807 1
122869 184026 1
107209 109164 1
94268 183210 1
10262 181477 1
74059 149139 1
69393 132237 1
119268 119553 1
128907 189564 1
27674 193693 1
131703 174756 1
123336 129183 1
49846 79700 1
11083 186282 1
92087 106308 1
46250 156926 1
65591 137359 1
58664 103677 1
18074 46881 1
73324 75861 1
41886 110448 1
171291 195358 1
86426 128317 1
61737 84855 1
32426 66475 1
46556 77666 1
37298 87783 1
18398 146143 1
84490 133491 1
27815 53502 1
24497 127002 1
141259 192141 1
37450 45464 1
39964 65259 1
158941 166762 1
10913 90339 1
154553 197648 1
27055 46427 1
98196 131650 1
71092 96545 1
24151 143669 1
40621 125814 1
95913 98351 1
52115 55660 1
76571 110492 1
35119 186371 1
118852 183152 1
108314 110657 1
46362 95433 1
12665 164311 1
10573 33602 1
21594 150959 1
90734 176367 1
16972 23032 1
1957 137030 1
113842 179076 1
27781 83532 1
67922 97267 1
130280 180739 1
91016 143415 1
50652 71719 1
2112 5205 1
2523 69061 1
126863 183396 1
34672 52793 1
37061 184839 1
307 148039 1
6252 19608 1
61461 84996 1
148599 191889 1
151213 184864 1
63708 131615 1
25065 70516 1
65287 129425 1
90619 163110 1
16115 195003 1
1667 9690 1
38448 163250 1
40346 141105 1
109997 124603 1
2523 78309 1
95511 136348 1
19898 60374 1
53857 95619 1
15818 192467 1
144800 181814 1
18398 199782 1
82118 158212 1
115597 156419 1
133448 153918 1
103361 117487 1
73908 168802 1
18219 30018 1
135751 176211 1
23052 115454 1
73336 172404 1
57721 121860 1
158016 186692 1
141577 189564 1
8804 81901 1
63782 123498 1
24088 150096 1
13293 105790 1
4393 55752 1
16877 110828 1
57721 67804 1
143441 196094 1
18335 94102 1
50202 84023 1
46479 150551 1
10658 29418 1
7810 149998 1
109065 190822 1
297 105933 1
65201 163102 1
48309 83354 1
16017 21891 1
4002 18639 1
81621 82118 1
123221 166099 1
99329 171292 1
166957 173780 1
8242 144692 1
170656 184620 1
104388 179841 1
52793 184750 1
110329 158546 1
29455 128853 1
68342 141577 1
29831 141583 1
53879 149508 1
8663 126143 1
2478 119399 1
181121 185617 1
72254 119465 1
17491 188156 1
69913 197708 1
1858 157720 1
92042 155692 1
98282 136239 1
31147 177073 1
34804 174994 1
18645 101824 1
11619 34393 1
140989 152893 1
32917 171792 1
67697 144806 1
17713 109648 1
84545 147560 1
142582 184968 1
70703 101011 1
102824 169070 1
3092 157286 1
110874 117487 1
4739 163215 1
8851 95371 1
34929 154339 1
22612 37823 1
69219 144800 1
64077 78726 1
4443 128763 1
14608 163306 1
22974 82250 1
33998 177961 1
25266 38087 1
121421 174289 1
23083 126829 1
106906 157032 1
30659 151413 1
22154 171766 1
66770 137745 1
154763 162749 1
152671 193192 1
76650 133040 1
52218 183242 1
69004 179076 1
56220 127369 1
42894 76188 1
107744 127769 1
38087 144312 1
66340 103842 1
104215 195554 1
49547 90716 1
111507 123070 1
166444 190228 1
24604 72896 1
114919 194393 1
53429 194061 1
36189 51689 1
57978 187342 1
72705 186282 1
40273 45497 1
156656 177668 1
129807 137076 1
165354 180729 1
56268 116013 1
98441 134621 1
51867 157231 1
42854 123027 1
98079 107882 1
41073 161399 1
13247 19185 1
14079 186127 1
92726 109635 1
21402 154157 1
93950 136348 1
63026 145579 1
151553 174434 1
111352 168575 1
44719 184973 1
31811 167652 1
307 33240 1
13443 126084 1
65513 173357 1
75081 196960 1
17083 126492 1
112606 192072 1
122719 159811 1
98950 113377 1
128634 136996 1
37695 123091 1
48378 147529 1
8804 75011 1
85750 92639 1
53476 168768 1
68227 148602 1
8988 120375 1
63794 193925 1
61281 116129 1
66369 176390 1
6003 74295 1
35237 192694 1
52496 196268 1
89034 164431 1
125508 131740 1
73641 143399 1
105256 131312 1
155050 162211 1
2583 143772 1
92220 97645 1
6915 61106 1
8139 159883 1
78273 159059 1
81794 117411 1
46228 128907 1
26760 52556 1
111462 184768 1
40273 43844 1
126510 135802 1
45403 193706 1
3536 68732 1
9388 149693 1
86337 193959 1
127752 172112 1
166975 185988 1
115113 181698 1
74492 96545 1
103346 188560 1
87382 120712 1
48262 102233 1
2236 161826 1
117962 184753 1
29593 48224 1
14255 170645 1
76397 163998 1
18074 170186 1
10311 198240 1
26760 61320 1
45449 138053 1
29341 136270 1
51561 112994 1
151129 186348 1
81789 150769 1
14636 70193 1
81704 179384 1
33640 141960 1
53508 164988 1
52766 180882 1
24604 85458 1
181698 182400 1
52496 85499 1
101965 186053 1
47376 147746 1
172125 182580 1
27646 124270 1
80658 110448 1
69393 108652 1
89074 113554 1
26687 153559 1
43789 47576 1
81339 130784 1
148003 160481 1
2603 108727 1
127906 188732 1
93057 97012 1
114919 167678 1
63428 85750 1
190884 196256 1
18980 128304 1
122563 191655 1
20972 119175 1
19235 43699 1
148531 155757 1
119301 140582 1
66836 184428 1
40433 54747 1
70962 145569 1
71506 85535 1
44057 126961 1
92761 187496 1
129327 179524 1
136921 194954 1
20734 181970 1
173357 173664 1
99583 105133 1
152617 181033 1
52954 112810 1
22038 61287 1
60422 99468 1
49104 181286 1
106131 118487 1
89611 176367 1
66096 166661 1
100457 169183 1
101020 149487 1
77627 98890 1
52812 143924 1
6946 45609 1
160319 160564 1
145030 150410 1
93873 135194 1
3780 163154 1
27179 174267 1
53539 154553 1
1481 189667 1
59917 177566 1
90615 142004 1
177296 187496 1
61703 121656 1
84395 117914 1
138065 149705 1
10005 173926 1
67212 142280 1
393 57426 1
116310 188953 1
99107 135544 1
40867 186559 1
51355 98214 1
30804 60719 1
58845 73493 1
77417 164466 1
9220 84003 1
93216 165432 1
74942 163499 1
69061 183152 1
64846 199444 1
159811 193297 1
29817 76289 1
174991 176204 1
77982 89232 1
38445 113346 1
48355 136965 1
26156 45177 1
4629 195508 1
7724 28602 1
112652 149613 1
30340 137745 1
1962 94933 1
111773 124771 1
74835 150352 1
50589 172567 1
109960 167386 1
127761 131889 1
131704 174332 1
26867 77168 1
69273 71719 1
41023 126002 1
15689 157195 1
79846 169846 1
69435 115788 1
131904 151389 1
18659 195509 1
14080 161797 1
74980 181617 1
29522 148383 1
28252 96999 1
606 42170 1
117715 162304 1
131615 174289 1
47477 53436 1
6027 84229 1
195509 196657 1
48836 165288 1
140991 169622 1
192580 195761 1
131311 166975 1
94836 191549 1
15830 72985 1
50972 141913 1
31254 192096 1
55141 138645 1
90587 172125 1
82428 165899 1
4809 52406 1
30596 75070 1
110833 189941 1
158366 195258 1
54347 198936 1
108445 176244 1
166165 166325 1
30516 164083 1
52939 162211 1
107718 173926 1
10413 197117 1
157032 197357 1
102244 111963 1
111792 140355 1
103863 160131 1
91755 111959 1
37546 92137 1
11142 197466 1
71592 135787 1
38462 99992 1
33412 57740 1
6911 57242 1
16211 100870 1
73018 145657 1
52406 137093 1
135657 141398 1
69548 81339 1
93057 127832 1
55430 96557 1
34023 102635 1
52138 64775 1
68342 125441 1
39717 58414 1
49547 188788 1
109636 160781 1
159211 198219 1
39087 173753 1
77370 182354 1
116095 187463 1
62842 151893 1
153851 197466 1
85712 119118 1
11334 16276 1
73148 161051 1
152800 173970 1
64158 190299 1
22957 88904 1
157308 199613 1
168659 196306 1
72606 76342 1
164479 166688 1
48849 127532 1
62299 103294 1
32077 145953 1
26165 163784 1
7049 80191 1
94040 165327 1
88950 188521 1
143330 187306 1
5135 122118 1
89214 163809 1
117017 117439 1
7147 176414 1
103802 114958 1
76251 105840 1
53966 81794 1
5443 182964 1
99086 163056 1
85939 199227 1
83344 102134 1
126829 142378 1
526 183986 1
36169 188598 1
116524 163322 1
24110 28602 1
26520 40860 1
17240 87137 1
16764 77787 1
73285 177912 1
28593 29006 1
121488 176711 1
47816 131750 1
165173 177244 1
164218 189709 1
105834 131227 1
24109 170103 1
107852 178997 1
42754 64076 1
67946 188123 1
57286 141686 1
51459 160814 1
2305 88278 1
57978 120437 1
121196 136188 1
125140 193499 1
112159 145594 1
24008 129566 1
45042 124006 1
11248 66894 1
66130 155859 1
34672 163712 1
1215 100163 1
164335 198579 1
122074 127752 1
74059 198178 1
54766 110656 1
24854 45082 1
90987 150329 1
4762 187696 1
30916 85038 1
45879 130851 1
94040 125553 1
62924 190961 1
97945 144966 1
35921 180351 1
51142 135538 1
971 145591 1
109627 133010 1
65201 110122 1
14453 80742 1
1474 117875 1
11940 177758 1
50342 131562 1
146762 196268 1
53555 198790 1
33319 90315 1
163877 177402 1
7093 130327 1
108770 190969 1
93715 168622 1
123240 172726 1
77062 123221 1
162396 171792 1
63536 107021 1
144494 181033 1
7527 55688 1
31443 125441 1
2324 148531 1
73800 94396 1
15250 21013 1
25266 194503 1
155765 180512 1
186667 188947 1
45917 150401 1
109651 127711 1
24823 82262 1
30127 30193 1
51959 89667 1
90752 171332 1
63596 143649 1
93845 149693 1
75735 84855 1
14079 107621 1
112547 120845 1
105049 132805 1
24126 40809 1
177710 188231 1
74983 157147 1
196 89574 1
15476 35598 1
27646 165432 1
47385 189066 1
104109 109960 1
8230 93211 1
109065 155972 1
142378 150477 1
26484 53200 1
55252 78428 1
474 51589 1
7998 45527 1
5661 65984 1
66985 101071 1
13480 37298 1
10556 65336 1
7071 37779 1
73817 127003 1
35494 177584 1
97238 135305 1
17842 40288 1
65487 103522 1
10148 52295 1
25081 56685 1
39420 55657 1
2324 188977 1
24036 37721 1
60898 89856 1
33055 51779 1
5661 8627 1
165444 168285 1
118757 123396 1
15484 31151 1
25741 49471 1
15779 32413 1
151847 189581 1
90615 103276 1
15765 79854 1
51561 68385 1
63132 163364 1
58956 145004 1
80917 124733 1
60141 163751 1
101504 167000 1
6981 94236 1
37150 89476 1
86696 150515 1
72487 178152 1
163696 165087 1
85023 146441 1
37169 139723 1
81359 168934 1
148905 163322 1
129855 175030 1
36177 103937 1
6487 166869 1
98011 131142 1
16827 196184 1
10658 175349 1
33478 168472 1
47530 56403 1
14759 45367 1
43410 58412 1
23922 164783 1
16017 23290 1
74012 191975 1
16596 40954 1
117762 162504 1
10034 185145 1
7550 98229 1
86605 139069 1
106200 140994 1
100384 133541 1
27351 146307 1
23290 40394 1
7100 126485 1
29000 112421 1
41307 177141 1
35119 190293 1
5904 95990 1
84085 170764 1
75386 160073 1
56300 131177 1
67491 169451 1
52959 104899 1
6252 86647 1
120997 123070 1
19274 198238 1
71864 141180 1
37749 129918 1
48422 114059 1
2304 83304 1
94943 163310 1
80943 117163 1
157618 193038 1
156981 176128 1
55746 76248 1
45350 111672 1
95130 124733 1
15779 88970 1
46305 167528 1
40288 103042 1
172299 183396 1
62356 139424 1
113268 147973 1
99329 140182 1
48804 171517 1
112253 170816 1
68074 93335 1
89096 184133 1
95090 111887 1
84535 198912 1
50285 159280 1
52456 154679 1
53607 105421 1
14312 93211 1
149347 198862 1
418 58305 1
172741 193883 1
13443 86262 1
346 170496 1
54197 64592 1
36592 184133 1
50972 98351 1
26484 113842 1
85823 115113 1
17185 36592 1
3929 169600 1
81621 186053 1
75770 81169 1
38556 188945 1
100597 142652 1
58415 193890 1
103042 166729 1
20698 115419 1
37966 139590 1
32116 41573 1
105840 149765 1
28252 89074 1
78536 83782 1
43714 133899 1
35161 141271 1
105180 182580 1
26658 146723 1
140151 199112 1
96708 156143 1
10592 48760 1
85957 106379 1
15783 109792 1
53555 84199 1
14739 139778 1
37501 186060 1
25242 157567 1
6009 173424 1
60011 94054 1
2245 70233 1
58182 91867 1
112865 197266 1
74431 170640 1
86186 94826 1
3336 73856 1
153814 188933 1
1218 141886 1
44302 104504 1
71498 135678 1
107718 149452 1
95883 101011 1
55758 101257 1
113019 154676 1
44331 176252 1
58199 184105 1
46685 189923 1
82884 167818 1
39678 48337 1
6932 106667 1
44822 59747 1
56407 57163 1
38293 83034 1
189372 190093 1
51072 64193 1
86337 94290 1
74431 137973 1
116371 128762 1
6123 198579 1
55125 76805 1
42302 49846 1
15505 197203 1
10413 87150 1
78847 108373 1
8170 105028 1
41554 64725 1
63428 197400 1
46072 146143 1
55467 117798 1
113727 151847 1
168622 199113 1
21969 72601 1
76251 171875 1
12941 68452 1
66345 143433 1
134892 151731 1
54534 84005 1
49339 97257 1
164340 171888 1
3839 111672 1
55512 131226 1
19776 184742 1
128420 161540 1
52437 55660 1
7647 141285 1
127947 142117 1
103937 105544 1
35693 119048 1
79474 116508 1
120034 197242 1
125714 178326 1
12299 14250 1
5259 130715 1
68673 103520 1
61902 131648 1
13549 144839 1
110122 168124 1
25129 36640 1
78387 164998 1
28989 38253 1
57455 149793 1
59712 174430 1
120314 172647 1
52195 171338 1
5576 174454 1
115206 168081 1
10099 13480 1
5675 179681 1
21739 112547 1
111616 129937 1
30971 185113 1
36585 188611 1
26499 58492 1
6932 137957 1
45694 49318 1
11801 171888 1
25004 196314 1
152827 172319 1
96175 155926 1
107744 115593 1
52334 58284 1
18023 135538 1
154458 192809 1
15484 152500 1
67212 159883 1
11295 166581 1
137304 178076 1
21434 131916 1
84228 97204 1
34706 35264 1
67007 116310 1
8923 34508 1
78798 83660 1
27706 54503 1
83203 107740 1
80589 170001 1
30462 182525 1
186348 197357 1
8683 177758 1
127751 189309 1
41793 191162 1
84016 120291 1
57286 104134 1
47477 197372 1
539 153921 1
123498 184958 1
64804 181409 1
78083 162014 1
34440 155375 1
10500 84386 1
43394 131346 1
151697 188088 1
122414 126107 1
33913 68412 1
52734 82221 1
24330 123336 1
25153 86033 1
97966 131312 1
64273 88239 1
97970 113299 1
92146 131250 1
97012 169447 1
150450 198729 1
43825 151623 1
93567 141649 1
52815 126492 1
74547 83192 1
118469 124386 1
24972 190364 1
58612 185654 1
65336 164831 1
13809 35816 1
148173 149793 1
124032 173428 1
87842 170645 1
154236 185077 1
4533 51139 1
3995 180118 1
88477 198502 1
24219 158366 1
34388 158694 1
100500 149746 1
45177 86439 1
84539 152724 1
34225 35764 1
17558 97240 1
25741 178848 1
108445 180234 1
73926 134892 1
138756 149979 1
77612 197276 1
191235 198699 1
69158 172239 1
78387 93268 1
121714 162225 1
21198 77018 1
21222 180439 1
13637 167450 1
10141 148601 1
107209 193136 1
82048 188902 1
164335 178487 1
70032 140582 1
16856 110625 1
2929 121759 1
8543 9276 1
83034 177046 1
87811 181277 1
18639 109406 1
113346 118487 1
25635 62941 1
149150 184839 1
36052 49577 1
49312 73926 1
166618 194479 1
36585 55401 1
76248 112759 1
27392 73301 1
128778 166274 1
76968 191263 1
77924 169070 1
903 54262 1
3995 58089 1
69974 185654 1
2906 169621 1
73625 183787 1
85712 158544 1
9496 119667 1
52579 111050 1
39717 72339 1
90574 142621 1
74492 179372 1
50607 189709 1
64846 112567 1
75603 110016 1
143312 188762 1
136469 159059 1
15244 119465 1
7685 191549 1
71262 198394 1
17978 196835 1
41142 70622 1
13637 150551 1
130416 160564 1
146441 154589 1
4438 112121 1
22038 32767 1
33055 124676 1
74885 153088 1
12729 113390 1
29522 88038 1
58381 143003 1
154236 154522 1
23001 157150 1
25490 179841 1
75341 86529 1
95236 161280 1
24978 153054 1
21434 67868 1
24090 89002 1
7457 124682 1
9938 59623 1
61558 168484 1
103971 172852 1
43875 192315 1
31443 44057 1
24106 141886 1
14047 15760 1
4925 37632 1
29119 60898 1
52954 56116 1
32116 37936 1
6668 42654 1
68706 77511 1
134348 153426 1
63010 159450 1
84025 170382 1
63716 143450 1
15368 181714 1
22970 151887 1
9008 24088 1
49301 59956 1
182485 183070 1
33836 90763 1
105996 144806 1
77286 103522 1
80204 124480 1
57615 83327 1
45527 166762 1
126011 179449 1
99251 123123 1
79044 190836 1
81901 90848 1
142800 174848 1
97240 143649 1
15119 132324 1
62731 178997 1
35533 62601 1
53857 185521 1
11622 145256 1
73018 107054 1
107785 155161 1
110703 129121 1
34098 51081 1
145884 191889 1
93950 149098 1
114993 155243 1
168562 186947 1
31916 153049 1
78915 83510 1
14709 53525 1
30127 116888 1
153088 167615 1
9161 114082 1
67623 154559 1
59644 134646 1
39637 40325 1
23262 137799 1
99468 137518 1
30522 112296 1
83576 131617 1
141557 169135 1
50976 163998 1
58305 110800 1
38556 104109 1
73159 139222 1
22145 150977 1
27536 149072 1
26590 185061 1
37253 146692 1
121212 162695 1
75603 79846 1
13140 40040 1
147121 172741 1
131637 158022 1
54617 186341 1
9136 141557 1
81579 180098 1
69712 125821 1
70516 126719 1
16972 22239 1
115458 158994 1
115169 115661 1
68149 76188 1
43350 73771 1
104546 159205 1
4002 75385 1
3383 180987 1
26217 129862 1
52838 182485 1
20980 193721 1
151697 187344 1
158265 166634 1
47709 58223 1
92875 141398 1
63000 78726 1
80820 154679 1
14294 45321 1
77012 144692 1
6414 113327 1
94774 101946 1
49939 106826 1
83137 193890 1
12665 49693 1
29876 76057 1
70178 145900 1
153917 168124 1
12227 34041 1
76618 78816 1
7181 98002 1
62601 143123 1
37061 145594 1
14064 163477 1
11255 88278 1
80929 130685 1
50174 169245 1
95357 188388 1
43101 150329 1
35598 149139 1
18765 182266 1
24788 33986 1
32611 37169 1
42279 67491 1
114092 146199 1
52376 153944 1
59462 74828 1
66880 159076 1
64575 188330 1
85369 178547 1
92992 178544 1
15505 23871 1
35494 62344 1
178798 192218 1
198012 198754 1
58415 184532 1
20448 57601 1
60758 72936 1
22154 58612 1
123958 138275 1
26520 45145 1
117142 143333 1
33301 84651 1
35866 84005 1
16524 76221 1
31371 162290 1
18438 180223 1
84499 97341 1
96165 138795 1
40621 115661 1
58182 99195 1
128709 135743 1
14128 108752 1
4939 190262 1
59037 99583 1
58845 73641 1
32031 129721 1
65523 188741 1
55053 118032 1
20481 51072 1
80272 143245 1
51668 110412 1
539 61994 1
101941 123845 1
29455 172648 1
62115 156650 1
23202 170719 1
18945 198751 1
60851 62136 1
124548 153011 1
24375 122784 1
35261 49312 1
1753 192567 1
39375 152942 1
43443 119250 1
97349 126021 1
46556 188933 1
127069 138432 1
15135 153256 1
69286 139723 1
133747 155050 1
21674 23411 1
132519 166581 1
78611 94501 1
70401 199276 1
19035 79405 1
53689 73324 1
12773 141296 1
119953 131637 1
1875 47634 1
50285 139570 1
10262 37065 1
78536 99412 1
77745 144422 1
80658 112253 1
6208 16524 1
34107 167615 1
104134 115512 1
12576 56520 1
41528 142725 1
2236 92395 1
10976 172852 1
26789 50342 1
43525 145101 1
1202 163877 1
77982 95408 1
127349 154342 1
86990 193589 1
162226 191045 1
115977 172600 1
38936 70420 1
63480 187711 1
23671 192072 1
160 186795 1
56238 110495 1
77517 158351 1
113019 130294 1
19429 111398 1
121213 196619 1
32616 146661 1
6768 85899 1
28303 84228 1
48106 61325 1
92396 143172 1
22212 82722 1
157368 163751 1
41065 143153 1
99466 102316 1
42867 194061 1
89096 146628 1
25006 125558 1
175629 176004 1
45367 147199 1
49518 110556 1
7457 45215 1
10464 177279 1
46604 172064 1
97966 139553 1
71646 81005 1
68313 97238 1
127337 139915 1
110706 112353 1
149684 180118 1
43032 122176 1
24253 80929 1
117995 193069 1
15824 77417 1
136188 172730 1
62582 130026 1
18824 109262 1
167824 170764 1
94899 184750 1
29485 138386 1
107882 151413 1
86961 132237 1
104521 105545 1
89944 121225 1
82722 130555 1
12903 83881 1
23591 128953 1
133306 149452 1
12353 103879 1
24110 104546 1
52939 70133 1
84746 121225 1
127411 195003 1
61635 89574 1
66880 104571 1
115206 118205 1
78340 140909 1
163733 167518 1
46072 171292 1
55984 77363 1
90619 156419 1
151352 173145 1
5904 166177 1
57757 105550 1
44765 155926 1
150557 187513 1
9671 69712 1
76053 163154 1
85023 164311 1
180589 193374 1
9372 144744 1
38370 185982 1
45554 198862 1
146661 156120 1
11248 50082 1
171909 175047 1
36247 52624 1
55746 105707 1
55401 114624 1
18442 100725 1
85369 91587 1
2169 141980 1
96266 138916 1
1753 16633 1
8862 28742 1
123971 169180 1
12709 29843 1
43410 188527 1
121542 177647 1
75791 168484 1
83493 112205 1
59680 150096 1
99208 103826 1
69023 180363 1
182705 194537 1
24219 153172 1
123845 174434 1
11940 175622 1
80204 153546 1
69706 139915 1
66805 82918 1
80696 188017 1
12729 53129 1
4252 128658 1
118251 153054 1
17083 36295 1
104299 151870 1
77012 197224 1
110441 185050 1
36045 111694 1
25670 183508 1
60038 63596 1
58243 167678 1
52624 198830 1
17278 166632 1
24126 118525 1
16202 134646 1
44964 106117 1
80667 185145 1
162237 182248 1
35978 68740 1
95371 163477 1
32166 54262 1
2889 81579 1
27081 86879 1
82533 90108 1
132936 155869 1
78080 193560 1
120461 189515 1
60764 189309 1
117164 132949 1
18346 35458 1
20453 21568 1
27674 143669 1
121213 132805 1
31862 151248 1
125140 179322 1
179898 188977 1
26761 92454 1
13293 84375 1
68396 188762 1
161646 199444 1
69621 136030 1
60541 194820 1
119512 174957 1
22858 34023 1
6634 64813 1
102243 129121 1
74762 90967 1
144355 191299 1
136239 178839 1
7586 184784 1
82166 182248 1
118917 163491 1
32726 168656 1
57401 148093 1
143811 149746 1
69714 104643 1
102139 164431 1
161567 170721 1
3162 130130 1
35746 99232 1
52812 193860 1
116284 174699 1
154653 161418 1
85899 145767 1
9502 157147 1
35264 187079 1
104504 147083 1
118243 160002 1
114537 189787 1
45605 131603 1
149779 198363 1
37258 91441 1
91136 128327 1
67125 133855 1
99832 171268 1
121998 172978 1
7265 172393 1
95282 192580 1
89440 135215 1
91155 127711 1
84499 129327 1
58287 94780 1
63830 122072 1
53043 93681 1
34099 174454 1
98393 137507 1
23411 82448 1
21311 137518 1
110960 123284 1
100548 191257 1
116228 162921 1
4897 97038 1
164844 169451 1
103842 144417 1
93949 152500 1
24854 38370 1
67606 143480 1
11564 58449 1
96846 158656 1
50958 67832 1
110902 117758 1
1944 73608 1
20220 31151 1
180589 194794 1
56359 159499 1
7987 77858 1
13151 184420 1
103297 188860 1
99232 105579 1
131955 199718 1
90988 127621 1
75932 117439 1
83721 165313 1
98393 137080 1
127751 171890 1
5698 180475 1
97914 178955 1
18442 59321 1
73493 166638 1
47863 145286 1
35044 67891 1
8139 179505 1
58287 149518 1
96175 141553 1
151893 175793 1
36251 154206 1
81072 137067 1
30565 98962 1
26038 154676 1
6946 175828 1
114527 152119 1
171517 180739 1
166756 193316 1
7041 181409 1
14986 94290 1
12927 147252 1
20254 107021 1
117411 151462 1
93848 186373 1
127532 190812 1
35044 60004 1
101185 129994 1
26673 181485 1
9854 178067 1
12576 66143 1
2189 68261 1
76158 165409 1
119268 155466 1
9938 72938 1
53689 181447 1
83660 145591 1
11122 46456 1
71004 168406 1
19848 176204 1
7253 119250 1
107362 171160 1
19769 147953 1
49784 85458 1
95198 192467 1
37063 103429 1
11619 153098 1
14553 119732 1
30929 172730 1
73046 191420 1
146301 150816 1
153852 182219 1
96910 158634 1
66130 122407 1
71412 113268 1
114167 168882 1
26514 137144 1
95340 180676 1
1153 115454 1
9178 98918 1
128984 172069 1
99139 119021 1
150616 194974 1
40040 135270 1
62924 108699 1
94770 103677 1
48116 48151 1
556 138959 1
50884 111576 1
19274 98011 1
76796 157274 1
83344 136599 1
115315 148601 1
19826 24008 1
139570 153406 1
143606 172281 1
23826 184798 1
76031 107852 1
57554 84547 1
84229 149684 1
103090 110657 1
3454 9902 1
22338 181602 1
29989 87421 1
84320 152358 1
60493 95990 1
115239 164513 1
174439 193475 1
92948 136572 1
9136 195395 1
164309 173428 1
42744 54747 1
7782 57601 1
53309 66768 1
47717 57789 1
3015 186893 1
19822 32422 1
37936 53068 1
26707 159603 1
110395 167700 1
88034 163466 1
119347 160162 1
19087 127122 1
65017 113695 1
8230 191313 1
50174 164529 1
86262 162648 1
116236 173747 1
37606 118548 1
79258 116307 1
39391 47530 1
20589 156804 1
120558 151450 1
95596 135183 1
87842 95034 1
15818 172955 1
158356 160131 1
2357 176338 1
79417 172834 1
38518 158202 1
14569 97305 1
147746 175757 1
59037 92220 1
133835 164400 1
153772 183365 1
26156 42894 1
95100 139847 1
33066 198958 1
79474 159950 1
3185 69621 1
58243 120448 1
107118 113695 1
99874 106923 1
70233 88239 1
3947 168575 1
1868 7093 1
1667 147810 1
34099 199475 1
25880 68586 1
38175 41784 1
153971 161641 1
7782 37457 1
84386 91265 1
28635 120223 1
1901 60621 1
3619 20314 1
21314 161729 1
31675 150616 1
17320 69790 1
29593 190223 1
134428 168573 1
46372 82107 1
119713 194210 1
22301 52950 1
46528 113607 1
4443 12204 1
79789 95913 1
1187 12613 1
30030 80272 1
14553 129802 1
173670 187843 1
91527 141913 1
83817 171096 1
58082 188902 1
145571 198912 1
28171 167095 1
180394 185521 1
21495 22834 1
142004 162455 1
95099 146180 1
82710 184585 1
74012 193305 1
46222 71769 1
49784 63383 1
105049 135094 1
51459 182266 1
175726 193028 1
69706 144312 1
69527 192857 1
24310 146302 1
78328 129269 1
91594 104123 1
19776 179928 1
64359 184742 1
8527 186893 1
693 137299 1
37457 82338 1
49677 72386 1
94926 150816 1
98671 118205 1
12663 80589 1
96310 184447 1
11622 139896 1
133747 162227 1
141888 154058 1
55125 111657 1
14527 128853 1
131562 198102 1
61354 89769 1
59199 138386 1
69880 135348 1
1555 123485 1
27265 43698 1
60722 141671 1
43153 103863 1
28593 194660 1
14608 167014 1
16281 159688 1
23453 142355 1
95357 102552 1
33066 65148 1
71792 105056 1
40474 120291 1
5453 106404 1
105387 191257 1
116066 177566 1
15368 76200 1
34024 45431 1
7100 58967 1
68396 90502 1
94877 113692 1
90345 190961 1
49712 123424 1
15119 145711 1
13693 191351 1
119750 183161 1
18486 59199 1
57580 136719 1
90872 112260 1
17590 50753 1
9388 90752 1
89666 133764 1
78085 179162 1
8532 22781 1
81673 95940 1
58886 197203 1
84496 191930 1
55046 116888 1
142537 192315 1
62080 124160 1
46685 180475 1
43698 115169 1
71426 150876 1
92240 110650 1
121139 176252 1
105545 145256 1
4935 137371 1
27731 88469 1
112623 121998 1
10034 139424 1
84219 116960 1
135657 182394 1
126027 138703 1
124434 170794 1
46222 163306 1
5443 8627 1
10573 182219 1
98332 180797 1
65017 184532 1
61248 198958 1
2554 115516 1
76657 123685 1
36247 150910 1
44302 199780 1
82428 90067 1
117452 169102 1
87399 123027 1
15679 94529 1
43153 114624 1
6390 166444 1
113045 194275 1
83532 85004 1
29338 134293 1
48357 157150 1
118770 154749 1
96625 154251 1
26453 156742 1
44719 91740 1
25242 94481 1
115249 158212 1
164309 165900 1
55422 169421 1
61934 131142 1
54358 195206 1
70534 78273 1
15833 45651 1
19545 41000 1
54503 118720 1
19808 127122 1
72860 179524 1
73032 82222 1
54701 198346 1
124709 152058 1
66894 109033 1
10592 174606 1
63716 97212 1
79490 180317 1
92562 145894 1
131266 160027 1
146199 188827 1
47776 166153 1
35540 60758 1
87570 145893 1
10976 42697 1
7265 96945 1
8066 98441 1
84651 85244 1
69635 134910 1
12911 20633 1
60719 126002 1
100925 139302 1
13809 64485 1
49569 72988 1
51484 182350 1
74170 117355 1
83614 101172 1
5785 130088 1
116566 146626 1
84597 195824 1
46189 194562 1
128676 172731 1
101965 184973 1
92042 102000 1
32488 70962 1
55688 152899 1
62480 165899 1
37258 198822 1
99332 118624 1
97573 155765 1
59339 186947 1
37004 170979 1
100268 181154 1
99832 184620 1
177961 195946 1
63782 191316 1
34374 112934 1
103361 186795 1
24114 138795 1
94112 173380 1
60004 164885 1
26685 181477 1
122659 123791 1
31579 147191 1
137299 153581 1
22380 183787 1
59368 108063 1
59680 175030 1
143172 193480 1
83576 183500 1
90519 155501 1
119688 121122 1
180506 180512 1
44929 187272 1
147085 169396 1
72487 159276 1
10196 79334 1
75254 95433 1
131732 135541 1
27010 176294 1
20686 169870 1
137359 176185 1
36045 194722 1
58800 69899 1
24421 54585 1
45464 121860 1
59097 124956 1
48262 199113 1
54259 98838 1
81661 86647 1
62567 105699 1
1993 154342 1
41880 181520 1
3094 82046 1
77858 196985 1
88970 149098 1
62299 113150 1
20481 170074 1
79651 86335 1
49125 135873 1
105180 167254 1
76240 140300 1
153852 179131 1
84832 118917 1
133568 162304 1
102481 138266 1
45215 128481 1
138600 196815 1
17073 75258 1
104521 151141 1
131961 174430 1
9008 51760 1
70420 106667 1
40510 126774 1
81829 196815 1
63708 96708 1
18529 184768 1
4629 50884 1
98214 151226 1
124122 188094 1
123971 168257 1
57868 74210 1
114928 179372 1
102075 120715 1
49712 119021 1
26075 68663 1
43789 122072 1
71339 125478 1
58194 133055 1
3842 170701 1
100576 131101 1
141960 165350 1
66223 82166 1
31508 180129 1
47863 196670 1
181714 185979 1
33250 74547 1
39867 138389 1
63912 181814 1
31295 71506 1
69548 139909 1
99412 107118 1
115249 129164 1
92720 94826 1
132395 148176 1
129000 144790 1
180881 192274 1
77333 77666 1
19808 87644 1
16142 60231 1
113022 132324 1
14212 147207 1
124313 128782 1
134481 199426 1
72254 100576 1
105699 127015 1
33045 44741 1
151620 188947 1
84315 161540 1
16816 167778 1
92726 105495 1
25023 97608 1
15117 101032 1
23959 108188 1
2338 178076 1
155859 174439 1
35143 190228 1
51857 194060 1
2583 33045 1
81857 85552 1
72896 165124 1
2281 48571 1
31862 187980 1
130280 187296 1
20355 39867 1
38510 53502 1
30092 78305 1
102791 124522 1
75070 138978 1
57543 131110 1
16050 99445 1
32905 177296 1
3185 187713 1
181293 191508 1
18335 190299 1
98079 196369 1
131732 132519 1
18535 29094 1
35182 84085 1
125252 175629 1
160162 188076 1
105916 157104 1
149617 156602 1
139256 150338 1
118861 119175 1
59080 169792 1
50719 75200 1
141345 164844 1
50607 193693 1
48992 198376 1
82822 92454 1
82088 196184 1
8851 199309 1
16549 151878 1
19087 48338 1
96508 119528 1
32359 95775 1
4317 190262 1
90300 194954 1
95130 112579 1
19035 43101 1
53884 117632 1
166729 170103 1
10148 179580 1
48 90848 1
22726 179162 1
57804 93159 1
31318 149451 1
37779 128317 1
66613 82939 1
93159 143924 1
70470 105701 1
59634 130532 1
119347 174994 1
19280 147942 1
13872 91000 1
56233 96231 1
20686 109473 1
122118 184784 1
89667 194562 1
62941 197783 1
21350 93949 1
146121 146301 1
12746 193087 1
72423 98886 1
83304 117325 1
2478 135074 1
64564 163219 1
115174 133105 1
171827 189285 1
105684 186568 1
7692 115748 1
30159 161663 1
26685 49104 1
75962 90315 1
135678 178736 1
84998 189033 1
555 109494 1
93501 141276 1
103826 171622 1
7220 152899 1
17241 123660 1
40301 64485 1
8947 117709 1
40860 136599 1
93388 197856 1
58112 163712 1
172069 189726 1
41023 56514 1
69635 80742 1
166634 185988 1
98055 127272 1
17100 173227 1
109906 199776 1
81972 170001 1
96434 162227 1
61486 65971 1
47514 84597 1
67922 104898 1
79490 103561 1
114139 166442 1
123123 162743 1
36826 154972 1
75199 177041 1
112652 195869 1
78187 89403 1
556 43358 1
107785 194820 1
45917 116803 1
76967 197547 1
139515 178146 1
130944 164529 1
32845 177715 1
60764 158256 1
45528 66356 1
17878 61407 1
10121 181876 1
162349 186787 1
169245 177172 1
82094 169722 1
68584 197857 1
15689 98282 1
49346 96165 1
41528 72430 1
73285 139646 1
94592 191738 1
83327 190223 1
101071 117758 1
21013 55141 1
161178 183902 1
599 35342 1
5985 82384 1
97257 188560 1
27558 172457 1
24140 32845 1
133448 168495 1
7692 63830 1
36295 169180 1
113880 188979 1
91746 123424 1
35182 192218 1
31193 38200 1
69646 76101 1
6027 124956 1
186051 198394 1
22901 111421 1
15250 97349 1
23083 101172 1
37211 191045 1
91545 143123 1
2486 148248 1
3947 182067 1
7828 101185 1
27645 140877 1
102493 119118 1
39375 111963 1
141285 155954 1
107792 121543 1
16827 179179 1
64273 153581 1
15244 152119 1
11883 49318 1
17484 185846 1
47908 162452 1
120712 182400 1
41642 164057 1
67722 185016 1
81030 195989 1
68706 96206 1
39087 154468 1
78783 108491 1
126874 162921 1
17244 76342 1
35161 106023 1
81433 165288 1
54092 182379 1
101020 103971 1
67606 103836 1
64307 65768 1
38200 135883 1
57426 156742 1
121759 175677 1
135129 159917 1
104137 112421 1
77415 147560 1
39908 78187 1
113607 134450 1
77073 194136 1
56494 160073 1
28261 46427 1
929 110178 1
108752 162428 1
72988 88074 1
28639 72629 1
2360 37632 1
11883 114170 1
169684 197224 1
125733 155189 1
81637 154564 1
44153 131955 1
6908 115977 1
140300 168717 1
82822 123942 1
34388 69527 1
76619 140492 1
74397 93818 1
107857 114082 1
139008 159300 1
42332 56624 1
110403 149451 1
164340 186260 1
104388 110964 1
29562 101946 1
118441 157024 1
53879 134181 1
45497 87708 1
15403 131704 1
152714 188827 1
31811 140643 1
74210 153406 1
83295 85901 1
57554 144627 1
66303 99737 1
100427 169990 1
45449 49346 1
119732 183508 1
110556 114527 1
158791 187513 1
102075 104571 1
13247 94899 1
27685 81030 1
17048 196534 1
105870 113022 1
49504 155337 1
139917 192523 1
80667 132767 1
143834 154075 1
95043 158941 1
1901 2770 1
28504 69696 1
96321 170721 1
139296 149183 1
174699 182867 1
59634 105684 1
23001 81972 1
41616 69158 1
67397 104863 1
113377 123502 1
19349 51689 1
50719 127411 1
10005 180892 1
79052 192471 1
72927 162223 1
1875 197340 1
2664 56624 1
39826 159445 1
102481 113880 1
169102 190364 1
63049 169254 1
62653 101936 1
73800 160720 1
175973 191943 1
36471 133105 1
52765 98220 1
97645 177046 1
79334 177715 1
19054 147222 1
67125 89403 1
7550 55752 1
83817 101353 1
86186 194788 1
98890 173145 1
133602 196094 1
7738 94142 1
48 128658 1
2360 172957 1
88320 117869 1
3976 16497 1
5911 166470 1
14653 86565 1
141696 187239 1
116442 180506 1
123958 124208 1
109861 193038 1
99958 184798 1
7828 142544 1
34950 54766 1
11036 42222 1
44202 76781 1
61628 116449 1
19769 76805 1
49677 165409 1
58230 190319 1
41642 171332 1
136901 191908 1
23002 196701 1
118066 170305 1
126863 167519 1
151141 154251 1
31255 167593 1
149183 152715 1
29794 131916 1
166552 192822 1
32616 197518 1
121518 158351 1
141341 153559 1
47776 146542 1
25065 121160 1
1584 114059 1
86886 99251 1
57757 198822 1
51668 65984 1
13151 181154 1
9616 75828 1
62731 167037 1
11527 59747 1
94943 154206 1
34929 190630 1
34121 53321 1
70470 111155 1
57717 117137 1
68227 114119 1
8527 141649 1
26590 171512 1
178502 187951 1
7586 46605 1
52524 92065 1
30828 69783 1
115997 169621 1
36640 91740 1
8160 73006 1
57868 70281 1
50161 72247 1
21319 80943 1
141915 153851 1
53677 97945 1
20254 167797 1
60493 172731 1
116130 197604 1
72601 115616 1
25153 67767 1
103848 176282 1
117811 125439 1
66876 130088 1
147839 179898 1
37645 141472 1
27755 150352 1
15965 155972 1
180766 185077 1
108278 144786 1
7253 35370 1
89361 147121 1
1313 195040 1
2711 131740 1
57242 197242 1
19054 85200 1
54276 180797 1
17371 142621 1
28742 152849 1
72618 198102 1
118524 174818 1
109627 112260 1
30451 152125 1
150338 183621 1
4208 65971 1
86052 175793 1
3015 86183 1
45309 47379 1
42227 84506 1
79169 88038 1
147354 191299 1
94236 146351 1
86522 136469 1
108694 116263 1
13940 65259 1
145272 160365 1
159026 163250 1
26474 192720 1
59917 69880 1
143441 185228 1
146542 193028 1
48571 198297 1
76991 122401 1
85907 111616 1
74835 162428 1
28624 53666 1
66408 85921 1
43051 74476 1
128390 176128 1
65287 72247 1
11610 107362 1
7738 74115 1
149887 162185 1
102508 130851 1
47806 84836 1
41520 139985 1
36155 41598 1
69793 148323 1
103022 148894 1
69004 123091 1
48102 98425 1
78309 106579 1
27150 81005 1
35746 114170 1
29303 41073 1
154763 174818 1
20705 68740 1
112296 153049 1
174332 186260 1
167818 197803 1
105133 187239 1
146762 191508 1
20660 108288 1
130685 195064 1
165435 192057 1
194393 199167 1
43378 143570 1
132820 136340 1
52239 139762 1
346 132032 1
173756 177041 1
7907 151462 1
69286 151248 1
51448 138389 1
43394 110960 1
53556 128007 1
107054 126143 1
53200 145579 1
3090 51030 1
72003 97090 1
40267 167409 1
63742 66746 1
297 105038 1
196 52629 1
50568 123942 1
27265 33250 1
143139 181550 1
43274 139778 1
93335 131603 1
120361 171890 1
90097 165173 1
118861 180675 1
55107 99445 1
108513 190969 1
46793 100656 1
42170 43111 1
21678 77511 1
110992 173288 1
68515 72771 1
57717 189667 1
37004 105947 1
94312 112159 1
113028 196657 1
52515 167095 1
6414 109577 1
82562 194788 1
18645 108795 1
43640 49939 1
109712 166433 1
61338 167242 1
52151 108387 1
112758 176639 1
98619 143399 1
156688 189285 1
118548 186178 1
15927 199613 1
80149 85197 1
94481 111992 1
1876 157615 1
35342 171268 1
38738 152245 1
26514 157111 1
55789 101758 1
26871 110650 1
84979 101936 1
64366 166869 1
119639 152724 1
26761 70332 1
124032 133296 1
3332 27691 1
102318 120361 1
189229 199310 1
86039 95408 1
76053 174431 1
193518 195031 1
140777 193316 1
150977 159917 1
34950 83510 1
174831 178874 1
84832 141734 1
104811 151226 1
21568 118757 1
21891 189731 1
141553 187306 1
18980 198012 1
5830 98425 1
33319 91943 1
97096 106223 1
139590 147391 1
41793 58230 1
103669 139100 1
167505 172647 1
139285 171512 1
142225 194499 1
98454 109494 1
47385 163784 1
98464 181617 1
12636 137835 1
13546 99139 1
8242 158994 1
9616 114006 1
71157 198729 1
148883 181418 1
53309 73614 1
77781 114958 1
15824 65409 1
10196 11142 1
10890 140786 1
135215 185596 1
126485 131311 1
136994 190812 1
107100 135544 1
87801 97651 1
112233 159499 1
111030 143166 1
30500 58181 1
87714 116095 1
58112 64048 1
15135 134348 1
45145 155189 1
32687 36290 1
1858 73755 1
32970 156117 1
66872 155935 1
128410 147668 1
106579 196619 1
152671 166149 1
82918 196670 1
122782 196314 1
55037 169846 1
22301 26499 1
100008 196402 1
143003 196628 1
138432 172457 1
11405 197266 1
108670 154559 1
39014 188088 1
53429 166661 1
8170 50802 1
61995 96310 1
163696 195843 1
64592 129716 1
1313 130294 1
42472 188017 1
97970 195946 1
88080 159446 1
107328 171309 1
24239 56233 1
8663 196701 1
8988 29531 1
87632 172404 1
30573 176282 1
64818 189609 1
97608 119219 1
90634 144627 1
170701 188598 1
11564 137799 1
54092 176414 1
48082 93630 1
160857 194437 1
78085 138693 1
33913 113585 1
17327 105039 1
99208 167311 1
53052 136303 1
170979 186289 1
7987 192809 1
24070 153140 1
77114 101800 1
106686 169990 1
34107 80098 1
93630 128984 1
43378 98886 1
95099 106989 1
98444 190525 1
92562 143117 1
39908 110800 1
145192 154368 1
92936 180676 1
78328 192114 1
22612 54259 1
53436 162380 1
109651 117798 1
104806 188860 1
104298 124480 1
188521 199475 1
24012 186966 1
10120 128926 1
72985 125508 1
19991 84746 1
8384 68586 1
97212 140872 1
134181 179298 1
72606 132683 1
17278 17842 1
20292 70401 1
2245 186577 1
109643 159950 1
35978 146659 1
132021 145499 1
14405 72003 1
26217 140179 1
49260 58645 1
55252 90601 1
22388 59515 1
104091 177696 1
136996 155757 1
82533 167593 1
86886 177141 1
41811 103520 1
84506 199167 1
13686 107290 1
29273 195206 1
92458 95470 1
22868 106856 1
54617 186966 1
66836 161207 1
26333 51448 1
58492 72072 1
76321 129566 1
61341 114482 1
48482 60231 1
8124 152121 1
63322 156656 1
2163 100457 1
100268 194659 1
92240 161762 1
34575 120805 1
44235 111959 1
47686 53923 1
120448 158544 1
70518 153814 1
156004 169870 1
149715 177333 1
84003 136932 1
93818 95520 1
124386 184585 1
105468 127002 1
29348 70281 1
114782 153918 1
44202 125288 1
77913 169183 1
90521 142725 1
132936 188953 1
81680 193883 1
51372 54001 1
108164 189306 1
76803 137828 1
94968 129425 1
30340 89034 1
136921 197691 1
20383 86033 1
124651 155161 1
113327 157234 1
101758 113314 1
76397 172697 1
120109 167544 1
45431 89371 1
37799 117779 1
36299 111773 1
113028 137142 1
42730 135139 1
24972 39637 1
36251 72708 1
100373 100701 1
19925 25196 1
43640 139006 1
52906 136570 1
40809 105262 1
91016 118397 1
116960 129807 1
123396 170074 1
73856 93547 1
108694 164885 1
32166 184968 1
42670 65591 1
17371 123240 1
55116 173297 1
4925 95940 1
87632 172978 1
19185 77926 1
61628 119934 1
23383 192813 1
143450 173173 1
124160 189941 1
7404 183278 1
2017 173380 1
17240 20383 1
147766 149508 1
104123 190245 1
135541 195772 1
24497 190282 1
13936 21495 1
67978 170128 1
77062 143166 1
165900 172957 1
4532 149487 1
15731 35268 1
9135 143473 1
132929 136994 1
22834 79854 1
16816 86180 1
43713 159507 1
17491 44741 1
31147 127761 1
90339 105550 1
89083 99491 1
76650 152714 1
8124 174036 1
101928 191235 1
21198 139296 1
150803 162379 1
106856 179857 1
18465 56116 1
76230 138606 1
80149 142117 1
73301 155305 1
46372 163152 1
35816 68074 1
25594 105672 1
108794 181418 1
603 29831 1
14128 62683 1
10556 27351 1
35594 150910 1
96465 185087 1
26707 57789 1
15701 193721 1
64798 103561 1
44183 78431 1
80774 95686 1
108188 192696 1
164677 185111 1
24823 32297 1
71157 135902 1
163364 193304 1
94026 145657 1
34499 85513 1
83215 198653 1
41892 172299 1
78798 187711 1
163466 194503 1
1512 27392 1
56090 90890 1
14540 50941 1
123482 169264 1
52906 96045 1
39546 144422 1
27081 109712 1
59750 181602 1
94450 115516 1
180129 180527 1
5453 98008 1
124548 159912 1
84996 175047 1
43836 59097 1
103669 174831 1
76277 167824 1
163663 191919 1
35591 165945 1
49539 143433 1
74952 130817 1
77254 135303 1
131227 160543 1
69280 72963 1
10110 169135 1
4320 30804 1
154033 178487 1
69783 134580 1
76240 125714 1
16877 162380 1
23344 140029 1
35547 101793 1
5207 6208 1
11845 14759 1
64813 199718 1
34880 88154 1
4438 83368 1
98333 174957 1
70914 123660 1
116566 121742 1
111799 148187 1
2338 85513 1
72975 172659 1
133855 150093 1
90519 144538 1
35866 67697 1
118441 137811 1
93879 104215 1
10121 82088 1
116806 117578 1
24788 48394 1
102508 170305 1
42279 116307 1
23109 96557 1
130532 161826 1
13230 145030 1
3761 72072 1
25023 77694 1
32294 121742 1
112623 136991 1
76221 150825 1
160265 196985 1
5675 191493 1
50202 109997 1
88881 105172 1
41000 186010 1
17274 40510 1
139208 144941 1
8862 52334 1
65312 192720 1
124987 162013 1
116919 143967 1
173288 194060 1
1202 49998 1
129967 162225 1
70744 191975 1
110370 126320 1
51845 188231 1
35547 147996 1
35786 168990 1
129720 155466 1
6 111352 1
16928 22371 1
55430 150401 1
84025 123685 1
40729 143862 1
19804 131617 1
29338 167995 1
30516 59750 1
140909 192519 1
81680 178152 1
146121 197691 1
118066 159446 1
36182 84140 1
146285 159076 1
61804 90108 1
21678 66503 1
35143 171875 1
45309 60280 1
10311 81606 1
55116 190093 1
51484 83782 1
125558 197708 1
27209 50244 1
3332 164783 1
102552 112579 1
43032 51857 1
28021 126160 1
61381 125733 1
102316 157474 1
31924 81949 1
128778 136149 1
144839 166632 1
18495 63383 1
49577 137836 1
73636 157234 1
38081 109473 1
38875 105262 1
37671 110751 1
98229 199776 1
76487 156602 1
5906 178389 1
9 48355 1
20705 152849 1
51686 144797 1
1187 150148 1
148857 167386 1
44382 183500 1
13569 40595 1
34998 53923 1
41598 178389 1
128906 153098 1
97039 119913 1
24151 128279 1
22429 65264 1
71371 185512 1
10890 169396 1
45732 199409 1
63480 162637 1
57322 193706 1
55658 165323 1
143545 169455 1
4393 64076 1
5995 69663 1
105933 111694 1
18486 137507 1
97495 195402 1
24726 71904 1
116223 134910 1
55856 121488 1
137828 160265 1
58452 86522 1
78872 193243 1
159300 169532 1
90634 175546 1
59321 155565 1
95533 122784 1
26474 29348 1
62842 72446 1
133318 153426 1
98464 107332 1
117828 170603 1
163500 178874 1
113342 157766 1
105996 122866 1
86439 171160 1
7185 13459 1
167450 172766 1
47156 53052 1
122563 197783 1
12613 143473 1
1962 138813 1
21311 42730 1
31883 84496 1
85570 170656 1
22807 117578 1
3991 100239 1
142474 146406 1
40325 129930 1
47341 147809 1
113299 137144 1
3842 185536 1
23494 53321 1
47686 194249 1
20734 137835 1
120235 157111 1
28171 108670 1
59712 84547 1
11405 129269 1
9496 124629 1
29794 185449 1
25829 34706 1
122891 130656 1
133318 199782 1
33720 165909 1
51030 108164 1
62927 184105 1
35285 105056 1
4317 135348 1
37799 63132 1
97418 123974 1
22901 182226 1
76619 114418 1
33243 116013 1
82586 148883 1
41950 162743 1
67951 182504 1
139482 155356 1
31170 137371 1
65644 186001 1
76881 164466 1
46667 66805 1
18177 164557 1
11175 23457 1
85197 189838 1
54001 143834 1
40267 188788 1
15502 62115 1
21615 124006 1
53463 129421 1
124020 197117 1
16115 189202 1
52295 69231 1
155855 172611 1
116066 167925 1
19804 48309 1
53390 93681 1
81606 84490 1
113314 113554 1
32031 143599 1
48102 113881 1
19318 155337 1
17484 81661 1
42670 90345 1
126510 198297 1
66725 135303 1
38175 76954 1
55658 159720 1
16547 65487 1
21803 128420 1
27731 82094 1
24978 154157 1
49301 62480 1
7724 78505 1
89783 93547 1
19991 30828 1
1950 122407 1
33663 105256 1
86565 155565 1
173637 199141 1
52378 177710 1
50941 142672 1
145509 177912 1
10236 79405 1
44871 166433 1
118524 128472 1
110874 133010 1
90966 192951 1
2603 195276 1
139908 180466 1
39085 86529 1
48760 142549 1
158791 185349 1
123791 187296 1
42451 135902 1
14569 112654 1
72575 81704 1
19822 146349 1
52556 191263 1
90629 116798 1
87137 158700 1
55657 139106 1
63912 123022 1
67951 149715 1
61556 146723 1
149072 193243 1
14361 119219 1
49730 68925 1
133055 190313 1
43699 128709 1
78521 114172 1
33602 147110 1
26165 188741 1
102824 193560 1
41950 138693 1
66746 82710 1
117163 132254 1
45879 58924 1
33478 173958 1
56082 152762 1
163152 183621 1
34610 81949 1
17590 152800 1
106117 108387 1
92242 103259 1
25670 27247 1
58645 147207 1
21124 144538 1
13230 51609 1
82107 175757 1
75828 118469 1
17558 106404 1
160319 174292 1
98884 132767 1
114245 116524 1
96434 160148 1
16928 133608 1
181520 195989 1
102456 187459 1
110833 118251 1
92133 136420 1
61354 149108 1
36196 147085 1
63272 138286 1
13140 161641 1
5537 124651 1
16211 112233 1
12709 31193 1
58452 139482 1
117329 125959 1
65549 157808 1
41142 108727 1
162452 185283 1
80821 152355 1
50976 68673 1
106099 157149 1
47717 115830 1
22338 77089 1
106906 181370 1
2882 88904 1
144768 153639 1
52378 163491 1
63629 161399 1
121714 151212 1
118121 147766 1
31254 164479 1
15901 104898 1
59515 138275 1
127349 132855 1
20453 27247 1
90938 135094 1
52838 104299 1
155954 181489 1
70604 73148 1
193304 199227 1
10122 42968 1
56531 185350 1
137957 144786 1
93573 109792 1
44118 174153 1
48337 103243 1
125952 192822 1
177613 183278 1
74790 191493 1
80774 157308 1
61558 194660 1
41065 54585 1
1584 69696 1
21314 39600 1
79052 86605 1
98671 191160 1
106200 146615 1
30186 178227 1
70437 136991 1
38253 72339 1
14124 137811 1
84320 127272 1
58181 138478 1
111030 140114 1
135939 173607 1
29615 155081 1
23826 53330 1
20069 106955 1
6281 20972 1
66770 151450 1
3546 90067 1
54276 186956 1
52386 189787 1
60756 177668 1
159603 164729 1
76837 167311 1
13570 97272 1
63794 152121 1
34315 137073 1
45694 156868 1
146180 168882 1
56660 98008 1
96755 188979 1
140182 165213 1
12911 196307 1
10099 128373 1
91527 146001 1
143153 173568 1
6911 139069 1
36826 147996 1
