500 8000 99
183 141 2
309 455 2
169 28 2
256 75 2
238 203 2
303 219 2
82 201 2
283 360 2
388 484 2
253 145 2
207 259 2
56 437 2
143 108 2
319 10 2
73 87 2
112 1 2
448 293 2
86 386 2
108 229 2
342 20 2
440 150 2
80 292 2
351 224 2
372 306 2
386 393 2
114 166 2
268 403 2
367 25 2
389 182 2
27 458 2
163 380 2
257 207 2
349 454 2
85 440 2
476 261 2
476 123 2
393 485 2
177 467 2
338 292 2
244 452 2
315 412 2
288 263 2
282 473 2
217 67 2
432 169 2
209 45 2
349 299 2
75 52 2
324 109 2
443 412 2
36 89 2
490 390 2
124 244 2
482 284 2
200 484 2
470 166 2
33 470 2
33 177 2
386 186 2
487 301 2
282 500 2
210 18 2
358 370 2
411 100 2
263 33 2
428 177 2
117 155 2
292 421 2
247 228 2
308 53 2
477 5 2
325 433 2
250 249 2
8 498 2
282 335 2
481 37 2
233 93 2
371 414 2
342 261 2
493 447 2
134 69 2
149 3 2
235 22 2
252 339 2
424 362 2
265 67 2
449 489 2
377 420 2
208 381 2
200 60 2
123 263 2
15 248 2
275 460 2
259 404 2
36 16 2
255 239 2
218 292 2
448 357 2
456 253 2
401 467 2
468 293 2
57 471 2
18 498 2
377 9 2
317 440 2
447 462 2
240 267 2
373 170 2
331 80 2
86 311 2
419 354 2
361 287 2
257 349 2
256 335 2
270 95 2
262 356 2
405 284 2
419 237 2
111 461 2
283 408 2
472 434 2
43 13 2
27 307 2
29 206 2
289 427 2
132 363 2
99 148 2
248 428 2
76 396 2
258 81 2
294 20 2
97 469 2
97 383 2
263 253 2
3 23 2
15 90 2
151 189 2
312 366 2
376 151 2
303 307 2
7 339 2
316 494 2
343 110 2
388 148 2
108 312 2
182 68 2
34 497 2
408 58 2
84 135 2
368 134 2
45 238 2
462 348 2
328 222 2
369 428 2
298 365 2
24 165 2
306 228 2
384 105 2
30 308 2
491 116 2
367 91 2
251 113 2
436 12 2
476 71 2
243 373 2
43 100 2
202 42 2
473 277 2
442 488 2
106 136 2
25 91 2
272 455 2
78 381 2
476 323 2
35 129 2
234 304 2
355 301 2
458 309 2
206 315 2
277 127 2
33 376 2
247 368 2
80 418 2
96 433 2
489 9 2
225 409 2
167 18 2
210 220 2
163 200 2
94 209 2
462 210 2
286 14 2
457 355 2
329 222 2
240 164 2
466 246 2
474 113 2
97 115 2
4 155 2
221 157 2
300 93 2
500 464 2
232 38 2
238 458 2
460 497 2
114 330 2
176 324 2
411 55 2
61 158 2
234 280 2
325 143 2
226 436 2
353 355 2
70 127 2
78 23 2
91 332 2
490 213 2
259 287 2
69 213 2
348 364 2
26 198 2
293 214 2
403 165 2
40 147 2
215 230 2
301 166 2
213 397 2
183 256 2
211 174 2
323 452 2
390 454 2
53 382 2
349 398 2
468 247 2
223 209 2
246 274 2
296 43 2
77 364 2
262 7 2
381 326 2
450 378 2
180 90 2
233 119 2
22 442 2
373 238 2
431 181 2
82 298 2
427 10 2
9 382 2
41 381 2
6 230 2
458 130 2
250 196 2
206 478 2
249 323 2
320 85 2
37 237 2
338 126 2
71 218 2
446 367 2
90 80 2
30 44 2
364 140 2
229 122 2
387 128 2
474 424 2
2 47 2
359 54 2
209 373 2
437 441 2
208 409 2
308 112 2
26 410 2
95 495 2
127 478 2
392 241 2
22 38 2
364 202 2
93 291 2
248 136 2
260 144 2
270 57 2
153 408 2
212 487 2
498 337 2
339 61 2
247 265 2
242 479 2
371 89 2
67 394 2
196 152 2
30 138 2
424 30 2
474 326 2
414 115 2
408 119 2
474 11 2
424 216 2
472 437 2
364 347 2
96 93 2
257 482 2
284 83 2
294 324 2
316 196 2
312 369 2
140 415 2
91 275 2
404 309 2
428 112 2
143 88 2
122 305 2
332 460 2
294 306 2
182 361 2
190 82 2
37 240 2
27 154 2
245 490 2
395 431 2
172 48 2
247 317 2
310 454 2
370 260 2
186 217 2
158 91 2
412 394 2
363 480 2
4 404 2
48 160 2
330 86 2
486 28 2
370 265 2
85 357 2
118 1 2
103 83 2
387 478 2
248 168 2
462 85 2
120 305 2
155 330 2
224 499 2
102 28 2
295 324 2
221 443 2
270 462 2
23 150 2
63 426 2
311 281 2
167 7 2
474 425 2
22 101 2
31 224 2
363 340 2
190 168 2
464 161 2
55 292 2
457 360 2
49 24 2
205 248 2
359 458 2
65 263 2
416 303 2
177 313 2
171 288 2
442 144 2
7 145 2
142 346 2
325 233 2
252 394 2
242 90 2
47 411 2
306 301 2
383 236 2
109 110 2
54 80 2
442 1 2
75 373 2
457 373 2
175 41 2
260 366 2
389 164 2
119 164 2
147 340 2
116 397 2
102 187 2
26 261 2
139 299 2
363 306 2
207 99 2
32 326 2
288 478 2
359 155 2
479 384 2
45 330 2
328 168 2
407 120 2
376 371 2
171 50 2
138 4 2
385 340 2
442 152 2
351 32 2
361 96 2
301 137 2
407 163 2
243 156 2
132 420 2
359 191 2
385 184 2
287 79 2
136 260 2
111 402 2
138 463 2
318 492 2
484 422 2
337 197 2
328 86 2
214 114 2
143 294 2
206 348 2
120 225 2
177 115 2
205 86 2
181 38 2
191 270 2
260 126 2
39 481 2
34 334 2
85 500 2
381 284 2
179 49 2
74 9 2
315 83 2
157 484 2
355 461 2
243 473 2
71 255 2
88 107 2
377 385 2
296 153 2
250 170 2
239 486 2
135 469 2
86 439 2
352 60 2
440 392 2
86 157 2
485 331 2
81 268 2
341 247 2
107 7 2
465 251 2
64 109 2
104 451 2
448 341 2
69 462 2
169 125 2
148 435 2
342 371 2
404 189 2
382 51 2
90 250 2
320 2 2
414 351 2
393 62 2
232 392 2
345 143 2
421 208 2
386 129 2
351 488 2
480 96 2
341 357 2
161 401 2
409 466 2
360 282 2
491 351 2
270 239 2
233 213 2
488 237 2
405 80 2
484 241 2
115 415 2
272 460 2
393 116 2
417 363 2
214 48 2
263 9 2
46 366 2
253 219 2
107 335 2
77 212 2
451 106 2
136 257 2
82 237 2
389 276 2
204 165 2
255 455 2
374 259 2
492 32 2
142 483 2
237 301 2
278 418 2
363 397 2
266 194 2
64 385 2
417 113 2
38 210 2
34 318 2
305 414 2
37 313 2
482 309 2
453 427 2
114 441 2
227 462 2
416 163 2
289 478 2
138 208 2
323 435 2
133 482 2
186 107 2
76 168 2
30 429 2
31 102 2
466 346 2
96 237 2
319 191 2
382 32 2
26 324 2
476 209 2
371 57 2
326 154 2
249 27 2
331 103 2
125 40 2
415 92 2
437 353 2
49 380 2
39 249 2
106 96 2
86 444 2
257 178 2
169 390 2
245 262 2
77 394 2
419 488 2
193 282 2
477 480 2
417 389 2
190 447 2
158 12 2
219 19 2
403 414 2
194 8 2
190 444 2
284 239 2
186 131 2
225 282 2
29 59 2
379 76 2
247 469 2
457 348 2
32 59 2
461 351 2
149 139 2
313 166 2
73 114 2
28 120 2
335 477 2
36 373 2
288 442 2
482 148 2
425 360 2
412 48 2
323 183 2
365 155 2
10 123 2
71 163 2
441 184 2
287 244 2
208 438 2
393 198 2
300 57 2
364 16 2
120 361 2
441 273 2
180 144 2
90 235 2
460 11 2
155 203 2
162 55 2
282 450 2
20 386 2
43 190 2
16 282 2
340 239 2
494 304 2
54 179 2
305 441 2
260 494 2
331 491 2
132 483 2
274 22 2
179 17 2
200 352 2
495 89 2
346 205 2
153 60 2
268 467 2
78 56 2
438 122 2
181 285 2
187 122 2
487 172 2
241 324 2
160 81 2
384 277 2
339 179 2
462 408 2
324 160 2
95 67 2
491 432 2
399 180 2
348 63 2
136 488 2
392 194 2
135 363 2
125 256 2
169 97 2
37 489 2
49 182 2
252 465 2
230 116 2
46 456 2
448 66 2
110 265 2
205 328 2
359 153 2
52 346 2
164 250 2
230 21 2
164 2 2
425 202 2
170 405 2
41 105 2
3 67 2
6 52 2
368 106 2
55 318 2
241 431 2
230 103 2
364 180 2
425 302 2
276 320 2
124 119 2
282 303 2
75 60 2
298 248 2
239 357 2
45 414 2
98 139 2
24 212 2
310 447 2
177 216 2
190 88 2
329 105 2
301 353 2
277 228 2
106 345 2
193 26 2
88 80 2
61 171 2
414 461 2
54 13 2
258 380 2
384 407 2
330 199 2
447 56 2
232 60 2
107 237 2
312 246 2
346 495 2
218 241 2
130 50 2
276 408 2
56 468 2
381 151 2
82 57 2
493 152 2
326 239 2
192 229 2
162 500 2
402 287 2
235 89 2
186 290 2
166 18 2
369 468 2
105 323 2
143 356 2
209 77 2
351 394 2
254 449 2
485 466 2
63 367 2
215 203 2
268 485 2
79 278 2
489 384 2
100 478 2
434 98 2
183 98 2
208 393 2
387 239 2
451 49 2
313 30 2
443 371 2
470 497 2
158 27 2
323 351 2
322 407 2
492 490 2
492 362 2
415 487 2
356 220 2
379 14 2
500 367 2
322 152 2
123 50 2
176 321 2
238 497 2
8 3 2
155 114 2
303 393 2
397 341 2
261 460 2
172 275 2
123 371 2
101 189 2
282 135 2
133 391 2
419 404 2
298 369 2
258 23 2
124 318 2
34 487 2
198 115 2
167 490 2
454 18 2
395 387 2
61 352 2
64 277 2
186 213 2
286 340 2
55 356 2
232 48 2
408 77 2
151 47 2
374 62 2
485 211 2
257 28 2
471 378 2
396 59 2
131 338 2
188 289 2
440 282 2
395 354 2
273 293 2
161 390 2
214 324 2
361 173 2
263 390 2
67 282 2
437 290 2
424 8 2
314 205 2
470 76 2
363 255 2
460 168 2
345 162 2
99 278 2
302 113 2
202 323 2
461 122 2
442 375 2
289 49 2
192 489 2
400 306 2
455 387 2
181 42 2
56 18 2
120 499 2
438 225 2
469 150 2
231 83 2
364 220 2
92 71 2
34 129 2
107 189 2
389 466 2
325 413 2
446 398 2
416 475 2
8 486 2
306 78 2
16 423 2
6 448 2
175 253 2
176 242 2
139 46 2
447 459 2
217 438 2
85 314 2
2 297 2
312 19 2
480 376 2
276 169 2
348 163 2
399 250 2
244 460 2
30 256 2
488 292 2
373 424 2
208 290 2
197 420 2
20 414 2
307 454 2
301 410 2
41 440 2
120 63 2
90 343 2
236 417 2
306 199 2
269 422 2
118 340 2
41 100 2
222 426 2
159 77 2
348 319 2
348 406 2
47 271 2
117 165 2
119 434 2
96 73 2
451 201 2
27 84 2
11 497 2
2 426 2
108 31 2
174 83 2
216 140 2
78 449 2
474 293 2
372 355 2
22 463 2
51 337 2
142 20 2
156 481 2
144 308 2
445 106 2
235 18 2
473 131 2
178 458 2
10 448 2
253 498 2
347 478 2
413 135 2
337 21 2
124 280 2
380 196 2
43 247 2
198 204 2
252 293 2
339 192 2
319 289 2
2 151 2
239 198 2
125 102 2
403 219 2
176 410 2
396 206 2
128 3 2
314 25 2
460 236 2
117 476 2
152 30 2
156 497 2
38 284 2
100 113 2
98 309 2
218 260 2
280 180 2
17 359 2
138 215 2
28 152 2
349 388 2
140 435 2
456 397 2
214 233 2
40 364 2
178 147 2
325 81 2
75 69 2
402 126 2
114 359 2
180 93 2
2 247 2
327 319 2
355 85 2
353 128 2
78 3 2
310 118 2
184 494 2
267 163 2
145 107 2
62 257 2
258 28 2
400 212 2
93 367 2
425 249 2
319 442 2
65 46 2
274 138 2
475 152 2
426 148 2
452 218 2
68 492 2
12 314 2
187 279 2
51 15 2
358 270 2
421 333 2
105 219 2
108 430 2
97 293 2
470 353 2
406 480 2
346 166 2
179 386 2
155 426 2
170 451 2
175 109 2
46 250 2
146 388 2
336 444 2
435 308 2
492 270 2
311 245 2
260 76 2
87 277 2
218 144 2
264 422 2
65 259 2
88 285 2
279 270 2
356 140 2
44 298 2
222 128 2
408 369 2
293 357 2
73 418 2
481 250 2
99 412 2
429 419 2
221 422 2
183 83 2
311 217 2
222 325 2
4 188 2
240 201 2
461 124 2
102 412 2
40 234 2
162 15 2
120 426 2
332 466 2
125 227 2
401 134 2
11 405 2
55 384 2
17 385 2
6 44 2
216 118 2
196 229 2
258 279 2
406 367 2
157 241 2
170 361 2
259 349 2
84 120 2
478 33 2
91 412 2
203 5 2
199 332 2
51 198 2
152 51 2
330 48 2
204 350 2
271 369 2
432 352 2
460 318 2
371 384 2
345 23 2
190 39 2
208 188 2
384 266 2
428 52 2
172 393 2
453 269 2
351 250 2
191 327 2
289 350 2
295 21 2
159 495 2
182 400 2
260 336 2
180 79 2
298 192 2
170 458 2
418 390 2
292 24 2
301 214 2
175 337 2
453 226 2
127 317 2
223 262 2
272 213 2
290 97 2
455 226 2
144 186 2
222 138 2
451 420 2
143 139 2
238 124 2
43 464 2
172 116 2
260 81 2
124 328 2
427 207 2
329 19 2
338 204 2
297 116 2
166 298 2
301 458 2
447 186 2
306 155 2
428 472 2
24 187 2
490 428 2
170 125 2
36 500 2
279 383 2
208 212 2
14 182 2
299 151 2
33 237 2
285 336 2
245 374 2
140 264 2
87 251 2
123 208 2
120 495 2
270 88 2
461 331 2
403 152 2
434 352 2
362 468 2
81 72 2
179 480 2
444 416 2
395 109 2
157 421 2
284 286 2
116 86 2
361 476 2
194 56 2
46 289 2
18 278 2
409 9 2
268 91 2
362 5 2
44 75 2
38 268 2
263 43 2
336 475 2
361 472 2
395 5 2
13 285 2
304 172 2
55 119 2
364 385 2
50 246 2
295 97 2
21 56 2
491 255 2
338 135 2
357 135 2
124 355 2
490 351 2
451 448 2
23 28 2
425 27 2
329 430 2
3 56 2
500 392 2
258 481 2
369 29 2
21 100 2
370 414 2
157 14 2
245 59 2
224 80 2
374 181 2
399 387 2
248 43 2
130 426 2
382 78 2
164 71 2
145 451 2
431 408 2
280 421 2
44 220 2
489 3 2
59 401 2
195 378 2
99 57 2
408 209 2
85 121 2
137 481 2
406 200 2
154 460 2
295 431 2
321 116 2
224 480 2
9 497 2
24 89 2
439 374 2
65 265 2
140 14 2
356 22 2
438 493 2
379 452 2
290 80 2
489 52 2
342 52 2
10 236 2
389 438 2
84 17 2
297 202 2
416 366 2
396 441 2
355 309 2
77 236 2
7 462 2
228 346 2
48 498 2
214 112 2
111 27 2
219 205 2
156 216 2
415 386 2
485 133 2
123 500 2
454 130 2
174 62 2
87 168 2
435 267 2
355 455 2
97 456 2
466 272 2
347 390 2
368 282 2
352 36 2
367 79 2
217 405 2
385 53 2
462 221 2
247 123 2
29 139 2
77 251 2
220 332 2
12 290 2
122 336 2
145 26 2
251 464 2
206 55 2
367 463 2
104 54 2
256 79 2
120 27 2
225 315 2
278 300 2
144 399 2
178 246 2
29 302 2
349 404 2
219 130 2
456 310 2
233 259 2
205 80 2
103 144 2
331 164 2
62 270 2
149 496 2
348 59 2
295 75 2
389 490 2
334 164 2
335 425 2
15 306 2
117 385 2
52 92 2
176 482 2
227 368 2
296 443 2
349 60 2
88 208 2
375 111 2
262 134 2
224 144 2
140 60 2
219 293 2
364 24 2
140 166 2
52 291 2
303 462 2
279 354 2
3 273 2
497 485 2
381 378 2
388 139 2
31 296 2
216 313 2
252 121 2
2 440 2
78 300 2
327 358 2
76 447 2
171 115 2
385 264 2
68 309 2
409 19 2
448 247 2
347 175 2
464 59 2
34 192 2
390 437 2
409 324 2
177 329 2
118 392 2
395 380 2
46 466 2
98 61 2
342 398 2
169 404 2
55 465 2
5 138 2
49 34 2
160 95 2
14 383 2
228 489 2
22 136 2
282 213 2
230 86 2
289 268 2
73 365 2
293 319 2
222 270 2
381 499 2
143 471 2
66 51 2
291 467 2
500 255 2
154 349 2
154 289 2
143 500 2
475 79 2
386 93 2
432 454 2
392 24 2
443 314 2
481 267 2
98 110 2
278 312 2
196 282 2
325 310 2
316 349 2
474 276 2
415 183 2
108 167 2
226 282 2
98 35 2
463 244 2
156 102 2
391 477 2
126 202 2
23 361 2
347 454 2
453 257 2
75 102 2
109 51 2
1 325 2
375 312 2
382 185 2
328 454 2
148 10 2
64 300 2
348 467 2
197 454 2
45 286 2
474 200 2
181 455 2
363 390 2
466 401 2
337 442 2
336 252 2
263 193 2
140 108 2
185 468 2
271 490 2
413 441 2
441 356 2
282 363 2
269 274 2
464 108 2
146 174 2
145 203 2
163 456 2
242 392 2
277 307 2
211 335 2
474 332 2
336 34 2
31 147 2
40 311 2
482 137 2
46 234 2
160 309 2
90 368 2
375 85 2
468 27 2
180 119 2
371 152 2
251 331 2
459 304 2
233 48 2
377 418 2
313 256 2
260 231 2
299 93 2
323 340 2
401 148 2
135 286 2
68 256 2
355 261 2
26 21 2
247 464 2
123 488 2
363 91 2
407 110 2
358 484 2
25 296 2
375 473 2
143 213 2
244 40 2
285 177 2
366 309 2
193 250 2
14 173 2
213 384 2
374 96 2
370 384 2
249 297 2
167 454 2
145 58 2
107 473 2
398 218 2
53 72 2
500 67 2
21 60 2
91 147 2
469 22 2
243 426 2
344 485 2
29 175 2
40 457 2
107 397 2
455 488 2
16 354 2
174 153 2
367 11 2
148 35 2
281 274 2
224 365 2
380 378 2
11 345 2
247 133 2
419 287 2
436 169 2
475 122 2
261 372 2
192 462 2
470 317 2
495 59 2
301 309 2
103 64 2
496 143 2
498 3 2
18 413 2
47 180 2
17 29 2
266 61 2
289 495 2
349 117 2
6 339 2
282 321 2
500 335 2
351 78 2
64 184 2
446 162 2
76 237 2
397 237 2
349 264 2
324 162 2
461 472 2
352 183 2
240 38 2
272 58 2
192 323 2
35 55 2
195 226 2
452 496 2
481 495 2
247 24 2
380 36 2
325 239 2
235 306 2
462 194 2
84 255 2
354 40 2
193 28 2
498 494 2
123 283 2
302 216 2
337 41 2
287 495 2
331 287 2
353 93 2
234 168 2
225 50 2
282 127 2
478 348 2
37 436 2
56 397 2
280 51 2
453 186 2
343 307 2
463 433 2
112 424 2
213 234 2
452 229 2
209 487 2
269 391 2
97 450 2
369 4 2
54 307 2
234 124 2
53 81 2
318 6 2
217 494 2
28 458 2
226 238 2
246 306 2
53 433 2
27 40 2
234 351 2
319 210 2
448 187 2
456 99 2
52 104 2
371 224 2
73 290 2
346 163 2
466 301 2
200 54 2
45 467 2
92 244 2
83 452 2
433 256 2
495 427 2
300 291 2
476 18 2
146 470 2
388 237 2
105 82 2
370 357 2
176 178 2
281 344 2
112 377 2
64 63 2
146 263 2
442 105 2
58 254 2
439 397 2
269 289 2
318 183 2
144 7 2
440 425 2
389 5 2
305 352 2
188 151 2
420 85 2
79 85 2
171 209 2
180 245 2
364 99 2
53 158 2
448 42 2
89 162 2
293 153 2
368 350 2
262 78 2
175 57 2
39 250 2
269 242 2
60 398 2
174 472 2
166 156 2
45 276 2
109 9 2
159 480 2
42 151 2
99 151 2
141 462 2
149 292 2
61 211 2
203 331 2
32 228 2
38 7 2
171 227 2
28 214 2
64 191 2
123 248 2
252 486 2
322 11 2
284 493 2
142 422 2
420 68 2
152 145 2
491 121 2
436 482 2
354 421 2
269 480 2
252 435 2
215 140 2
422 17 2
57 381 2
386 257 2
87 138 2
402 87 2
172 253 2
220 29 2
73 123 2
438 434 2
176 76 2
213 110 2
29 218 2
84 202 2
225 289 2
419 166 2
267 474 2
200 500 2
185 96 2
133 49 2
28 76 2
499 69 2
257 42 2
82 175 2
113 223 2
438 347 2
409 276 2
405 380 2
414 175 2
453 54 2
379 367 2
124 178 2
480 158 2
202 468 2
425 273 2
284 490 2
382 276 2
170 207 2
223 27 2
294 413 2
254 171 2
272 401 2
281 420 2
87 489 2
181 30 2
53 115 2
283 158 2
443 275 2
161 272 2
482 70 2
253 499 2
180 400 2
105 261 2
159 285 2
341 24 2
424 129 2
240 151 2
182 245 2
109 397 2
312 198 2
450 234 2
191 378 2
206 406 2
226 353 2
471 306 2
3 152 2
205 94 2
43 195 2
240 482 2
391 87 2
344 272 2
319 265 2
192 99 2
195 484 2
316 328 2
120 187 2
497 466 2
367 320 2
201 404 2
402 484 2
265 460 2
218 14 2
457 113 2
428 500 2
26 238 2
158 191 2
446 125 2
457 439 2
255 249 2
8 351 2
114 453 2
287 452 2
237 54 2
413 193 2
420 52 2
214 150 2
441 431 2
321 67 2
313 49 2
275 144 2
333 394 2
376 323 2
412 281 2
370 235 2
291 391 2
54 324 2
142 287 2
399 323 2
472 449 2
332 70 2
172 235 2
435 22 2
112 367 2
462 332 2
174 169 2
295 144 2
38 110 2
208 301 2
274 142 2
492 379 2
25 471 2
184 74 2
185 345 2
99 139 2
326 120 2
86 320 2
256 351 2
156 288 2
344 310 2
354 496 2
346 198 2
192 286 2
357 88 2
286 467 2
457 369 2
262 73 2
420 401 2
111 135 2
362 212 2
16 46 2
162 9 2
328 46 2
448 147 2
46 216 2
288 196 2
403 323 2
68 282 2
464 11 2
159 299 2
221 17 2
277 10 2
41 230 2
173 402 2
241 366 2
188 126 2
394 245 2
487 442 2
95 180 2
130 390 2
227 463 2
158 467 2
289 258 2
436 337 2
41 482 2
102 275 2
51 422 2
281 297 2
421 109 2
197 147 2
141 442 2
192 186 2
250 23 2
136 72 2
70 58 2
212 364 2
61 440 2
322 107 2
277 487 2
448 220 2
408 397 2
371 214 2
6 207 2
41 494 2
98 218 2
446 89 2
489 44 2
334 440 2
210 45 2
474 483 2
259 6 2
176 31 2
407 159 2
37 400 2
1 62 2
297 407 2
410 227 2
273 351 2
78 389 2
220 272 2
216 500 2
35 205 2
65 108 2
120 241 2
416 472 2
297 99 2
121 445 2
255 173 2
207 208 2
491 249 2
345 87 2
427 131 2
456 87 2
291 489 2
77 136 2
88 118 2
256 419 2
284 298 2
334 154 2
67 215 2
300 129 2
445 84 2
190 282 2
488 431 2
77 42 2
1 482 2
343 377 2
107 268 2
189 7 2
59 286 2
246 96 2
284 191 2
271 117 2
470 269 2
392 387 2
105 127 2
85 436 2
214 454 2
248 42 2
473 378 2
20 233 2
212 83 2
367 317 2
220 362 2
425 217 2
394 335 2
354 304 2
94 428 2
173 257 2
25 435 2
333 84 2
307 493 2
217 488 2
346 260 2
117 311 2
82 225 2
415 215 2
103 231 2
133 88 2
384 452 2
13 310 2
491 215 2
113 170 2
110 388 2
342 358 2
222 212 2
404 5 2
186 95 2
402 119 2
83 196 2
104 93 2
336 400 2
500 323 2
291 452 2
331 378 2
298 360 2
43 491 2
23 304 2
47 443 2
436 145 2
166 261 2
321 467 2
50 260 2
309 106 2
181 290 2
38 163 2
51 89 2
391 55 2
440 224 2
472 308 2
328 74 2
268 415 2
49 452 2
475 280 2
155 326 2
230 280 2
488 10 2
34 82 2
410 58 2
284 419 2
468 358 2
174 364 2
310 121 2
122 55 2
182 141 2
437 488 2
499 370 2
458 195 2
105 495 2
415 277 2
293 163 2
406 174 2
85 453 2
230 109 2
58 214 2
154 231 2
383 120 2
440 123 2
153 438 2
88 216 2
463 132 2
66 54 2
51 159 2
324 73 2
103 61 2
391 490 2
252 68 2
171 249 2
297 366 2
168 184 2
53 154 2
107 308 2
60 148 2
81 238 2
194 45 2
281 367 2
206 266 2
68 268 2
71 216 2
485 452 2
109 38 2
196 248 2
467 468 2
5 108 2
392 123 2
322 185 2
138 364 2
155 486 2
441 152 2
451 228 2
8 201 2
499 368 2
108 463 2
194 203 2
331 98 2
420 356 2
55 146 2
257 168 2
368 161 2
479 350 2
385 152 2
151 389 2
180 327 2
342 354 2
41 99 2
471 109 2
466 458 2
165 465 2
278 77 2
439 281 2
231 272 2
64 105 2
336 354 2
83 322 2
17 243 2
167 54 2
266 14 2
142 370 2
351 448 2
498 255 2
385 372 2
373 404 2
196 280 2
285 449 2
417 251 2
10 66 2
408 156 2
307 223 2
500 44 2
263 169 2
132 184 2
190 108 2
176 286 2
314 210 2
79 300 2
225 285 2
376 158 2
344 258 2
144 151 2
92 194 2
440 352 2
119 228 2
385 425 2
323 402 2
289 487 2
318 472 2
400 178 2
24 38 2
73 85 2
444 73 2
333 275 2
208 205 2
14 365 2
425 372 2
181 304 2
321 376 2
299 381 2
189 161 2
474 223 2
360 252 2
87 141 2
149 483 2
450 277 2
234 338 2
207 163 2
360 40 2
317 392 2
79 39 2
114 116 2
484 396 2
249 223 2
73 57 2
451 463 2
199 477 2
475 167 2
146 280 2
178 364 2
28 205 2
410 120 2
419 18 2
460 157 2
148 107 2
93 168 2
313 311 2
175 205 2
58 118 2
5 500 2
355 315 2
483 315 2
471 396 2
317 416 2
184 114 2
93 138 2
419 411 2
184 475 2
414 400 2
370 178 2
212 197 2
387 64 2
63 321 2
260 70 2
438 400 2
383 79 2
312 393 2
472 476 2
404 209 2
229 344 2
50 331 2
288 184 2
108 168 2
246 468 2
91 305 2
225 212 2
352 429 2
357 166 2
71 335 2
366 123 2
500 307 2
15 150 2
59 171 2
299 23 2
473 44 2
2 290 2
417 98 2
428 355 2
177 114 2
462 34 2
489 426 2
344 366 2
435 46 2
379 295 2
238 291 2
293 8 2
362 480 2
307 291 2
75 179 2
41 204 2
365 10 2
482 412 2
199 204 2
330 320 2
70 412 2
198 417 2
94 307 2
211 494 2
401 251 2
420 260 2
267 168 2
232 72 2
194 367 2
242 192 2
175 124 2
61 254 2
216 485 2
86 203 2
296 337 2
269 393 2
455 330 2
198 61 2
59 229 2
132 160 2
278 441 2
194 488 2
110 404 2
83 411 2
250 433 2
449 286 2
2 240 2
152 379 2
496 309 2
2 116 2
122 226 2
78 175 2
30 488 2
68 271 2
200 498 2
296 490 2
480 218 2
128 250 2
435 137 2
409 288 2
493 406 2
221 333 2
446 230 2
348 43 2
6 453 2
97 387 2
376 397 2
482 158 2
401 191 2
257 338 2
471 349 2
364 71 2
39 317 2
371 335 2
360 100 2
319 343 2
304 471 2
167 129 2
479 466 2
74 275 2
155 198 2
208 455 2
210 84 2
122 25 2
145 214 2
167 298 2
466 132 2
3 306 2
290 296 2
379 480 2
261 388 2
100 357 2
448 70 2
385 96 2
409 63 2
324 477 2
68 153 2
144 203 2
350 339 2
107 192 2
18 328 2
342 410 2
12 107 2
311 50 2
292 283 2
203 492 2
233 295 2
457 26 2
470 220 2
161 16 2
73 144 2
150 232 2
378 175 2
212 127 2
448 202 2
113 195 2
175 485 2
154 121 2
407 200 2
420 37 2
218 65 2
215 48 2
379 30 2
449 275 2
172 144 2
381 291 2
293 79 2
198 183 2
329 470 2
336 272 2
83 464 2
263 433 2
285 348 2
477 281 2
369 481 2
128 315 2
411 326 2
50 101 2
165 183 2
316 58 2
266 439 2
128 398 2
239 379 2
126 385 2
454 106 2
257 113 2
39 449 2
388 420 2
71 22 2
124 408 2
489 327 2
459 410 2
192 221 2
355 374 2
368 25 2
188 256 2
2 432 2
287 202 2
282 39 2
209 354 2
240 113 2
111 49 2
162 328 2
449 128 2
155 30 2
388 455 2
233 249 2
102 169 2
300 81 2
397 98 2
273 487 2
60 253 2
422 162 2
149 403 2
476 146 2
479 207 2
497 88 2
65 165 2
358 54 2
205 371 2
208 189 2
18 327 2
475 194 2
256 476 2
428 138 2
70 389 2
39 204 2
449 279 2
240 280 2
17 83 2
344 20 2
429 108 2
359 5 2
337 169 2
282 465 2
283 341 2
185 78 2
173 106 2
191 250 2
315 320 2
187 92 2
5 226 2
264 341 2
27 348 2
80 254 2
200 323 2
366 37 2
303 415 2
390 144 2
147 162 2
403 234 2
407 401 2
445 388 2
87 445 2
437 433 2
265 469 2
245 256 2
377 383 2
42 119 2
57 312 2
24 349 2
163 229 2
335 105 2
166 13 2
175 430 2
130 122 2
246 84 2
453 103 2
194 259 2
266 158 2
427 433 2
221 434 2
288 64 2
243 304 2
353 76 2
146 270 2
495 398 2
422 369 2
354 420 2
318 241 2
23 245 2
445 20 2
464 444 2
477 215 2
17 215 2
193 347 2
107 461 2
154 109 2
445 269 2
270 333 2
61 460 2
462 450 2
164 390 2
448 271 2
119 341 2
177 10 2
396 319 2
447 407 2
283 78 2
49 26 2
251 6 2
24 374 2
259 42 2
484 89 2
262 288 2
357 438 2
415 408 2
106 469 2
179 102 2
177 121 2
78 395 2
409 472 2
362 99 2
367 102 2
342 259 2
476 419 2
381 104 2
316 461 2
436 118 2
39 461 2
117 494 2
339 316 2
356 249 2
377 404 2
361 189 2
377 85 2
398 333 2
208 115 2
177 307 2
462 235 2
459 352 2
189 64 2
452 445 2
429 424 2
431 175 2
446 117 2
491 189 2
243 135 2
37 205 2
457 330 2
278 50 2
66 380 2
462 315 2
387 153 2
159 9 2
202 288 2
18 135 2
482 46 2
95 5 2
318 206 2
240 472 2
106 457 2
2 450 2
355 270 2
466 284 2
447 6 2
478 57 2
92 189 2
148 135 2
418 497 2
99 429 2
204 369 2
323 176 2
233 380 2
338 51 2
401 444 2
256 156 2
81 165 2
316 303 2
296 370 2
265 449 2
14 236 2
86 335 2
461 484 2
465 284 2
293 119 2
18 207 2
224 194 2
334 391 2
262 211 2
318 451 2
112 448 2
221 142 2
293 313 2
268 59 2
255 97 2
312 452 2
296 146 2
406 416 2
404 371 2
5 433 2
447 34 2
415 81 2
300 30 2
97 239 2
275 453 2
30 333 2
447 287 2
407 133 2
400 185 2
225 86 2
22 213 2
277 243 2
390 76 2
367 359 2
417 140 2
260 475 2
76 142 2
93 296 2
94 93 2
482 269 2
403 207 2
451 79 2
105 254 2
152 500 2
172 420 2
207 120 2
273 184 2
471 383 2
38 296 2
342 430 2
147 438 2
364 89 2
419 323 2
444 358 2
259 416 2
252 182 2
25 126 2
479 431 2
25 8 2
390 2 2
204 360 2
441 369 2
415 50 2
238 161 2
229 412 2
306 472 2
106 42 2
88 251 2
301 467 2
304 108 2
322 94 2
58 416 2
112 186 2
247 297 2
476 267 2
245 261 2
3 288 2
283 342 2
196 277 2
80 312 2
73 258 2
457 4 2
260 18 2
247 53 2
10 331 2
159 131 2
162 179 2
475 1 2
306 485 2
223 48 2
244 47 2
231 420 2
180 8 2
248 68 2
446 66 2
141 258 2
79 247 2
64 276 2
329 400 2
485 142 2
146 356 2
97 366 2
99 371 2
83 50 2
423 208 2
101 136 2
417 187 2
20 369 2
266 333 2
371 82 2
80 26 2
396 11 2
315 61 2
133 500 2
482 469 2
437 196 2
94 374 2
133 227 2
42 38 2
347 87 2
460 199 2
407 391 2
397 252 2
358 492 2
254 204 2
78 325 2
15 75 2
227 87 2
35 27 2
26 368 2
4 441 2
5 271 2
192 239 2
388 264 2
51 283 2
75 248 2
452 404 2
22 24 2
180 367 2
171 274 2
132 389 2
189 223 2
267 323 2
255 50 2
241 155 2
92 427 2
245 438 2
55 141 2
245 379 2
498 148 2
315 310 2
269 455 2
482 83 2
293 450 2
423 86 2
37 2 2
162 131 2
263 450 2
238 323 2
415 324 2
226 286 2
280 335 2
47 254 2
239 314 2
243 183 2
71 14 2
478 9 2
430 491 2
92 465 2
329 215 2
205 265 2
165 25 2
434 279 2
220 296 2
376 299 2
111 62 2
67 104 2
140 183 2
189 260 2
66 123 2
177 274 2
473 196 2
444 14 2
332 194 2
217 362 2
105 215 2
360 105 2
283 376 2
5 347 2
212 453 2
385 446 2
470 50 2
450 408 2
239 211 2
290 87 2
49 373 2
490 440 2
158 360 2
297 482 2
393 353 2
340 450 2
63 293 2
346 129 2
29 462 2
152 432 2
410 6 2
204 81 2
390 467 2
5 98 2
408 175 2
44 387 2
433 20 2
493 449 2
54 413 2
150 190 2
177 195 2
62 215 2
329 77 2
247 146 2
2 404 2
258 204 2
357 120 2
408 118 2
65 38 2
296 259 2
429 133 2
74 341 2
55 221 2
215 190 2
385 494 2
450 419 2
192 168 2
441 50 2
373 115 2
25 405 2
121 7 2
233 207 2
398 305 2
35 370 2
381 212 2
184 120 2
40 326 2
182 481 2
346 317 2
188 320 2
5 230 2
292 273 2
50 216 2
290 117 2
489 500 2
95 406 2
298 187 2
170 204 2
370 26 2
221 252 2
348 426 2
202 265 2
86 390 2
495 201 2
130 180 2
217 328 2
325 72 2
394 269 2
136 338 2
35 23 2
483 316 2
109 453 2
86 489 2
344 491 2
226 199 2
180 401 2
156 322 2
478 204 2
383 1 2
491 374 2
406 376 2
217 355 2
293 46 2
100 57 2
347 65 2
459 191 2
13 387 2
395 270 2
321 142 2
153 213 2
120 327 2
70 67 2
43 337 2
174 277 2
445 253 2
396 75 2
33 232 2
433 71 2
424 46 2
9 271 2
89 442 2
3 217 2
37 386 2
93 106 2
53 355 2
208 58 2
21 402 2
320 60 2
372 403 2
68 273 2
117 298 2
429 323 2
142 493 2
465 305 2
144 330 2
144 298 2
167 349 2
110 182 2
147 190 2
162 327 2
332 266 2
101 344 2
175 395 2
7 96 2
137 385 2
329 277 2
69 317 2
11 348 2
312 389 2
480 401 2
215 175 2
45 231 2
121 362 2
304 59 2
20 256 2
496 194 2
204 403 2
64 272 2
372 53 2
207 397 2
466 210 2
265 420 2
211 195 2
85 7 2
57 402 2
458 60 2
436 122 2
401 131 2
345 165 2
95 46 2
403 419 2
6 154 2
410 375 2
29 467 2
111 450 2
195 73 2
294 380 2
186 142 2
260 73 2
179 183 2
246 27 2
160 379 2
25 380 2
94 149 2
29 123 2
134 84 2
75 463 2
344 325 2
370 271 2
359 424 2
475 234 2
397 270 2
450 122 2
26 180 2
29 499 2
366 306 2
38 370 2
17 114 2
106 394 2
449 362 2
62 31 2
127 206 2
433 176 2
8 391 2
286 165 2
406 278 2
129 432 2
7 472 2
423 236 2
125 370 2
369 410 2
218 202 2
361 405 2
158 221 2
408 38 2
105 461 2
325 152 2
193 234 2
299 451 2
248 54 2
102 234 2
236 398 2
440 166 2
470 261 2
497 45 2
388 377 2
169 2 2
466 317 2
448 43 2
89 271 2
362 254 2
484 47 2
80 175 2
154 13 2
217 342 2
125 132 2
102 352 2
202 371 2
93 497 2
160 349 2
195 302 2
149 422 2
228 405 2
360 222 2
361 165 2
99 389 2
251 384 2
42 254 2
41 133 2
112 433 2
222 202 2
456 53 2
293 334 2
176 196 2
449 127 2
121 117 2
121 70 2
213 101 2
197 314 2
308 15 2
178 184 2
440 315 2
41 400 2
310 185 2
276 149 2
444 48 2
455 282 2
332 170 2
139 152 2
372 226 2
214 47 2
417 402 2
327 240 2
386 296 2
308 168 2
437 247 2
127 34 2
65 146 2
254 99 2
313 384 2
336 25 2
478 223 2
115 327 2
144 408 2
447 349 2
232 468 2
114 91 2
191 68 2
130 451 2
147 380 2
291 471 2
354 235 2
408 187 2
336 302 2
62 50 2
219 377 2
498 134 2
60 96 2
25 66 2
291 394 2
330 305 2
240 220 2
242 496 2
233 27 2
416 87 2
159 309 2
137 31 2
415 74 2
78 253 2
212 488 2
375 108 2
76 242 2
174 268 2
33 54 2
296 456 2
24 359 2
467 52 2
108 256 2
313 398 2
226 358 2
283 411 2
432 6 2
394 328 2
458 273 2
185 354 2
464 39 2
493 459 2
60 433 2
288 59 2
390 291 2
352 491 2
245 51 2
239 449 2
211 303 2
498 285 2
294 24 2
305 457 2
348 349 2
200 424 2
407 98 2
435 466 2
316 295 2
321 54 2
246 449 2
392 449 2
22 478 2
279 443 2
218 186 2
489 186 2
258 394 2
308 59 2
266 445 2
321 332 2
426 408 2
96 496 2
196 389 2
212 412 2
202 378 2
22 147 2
79 465 2
206 81 2
8 73 2
429 488 2
244 164 2
73 377 2
54 491 2
247 264 2
89 263 2
221 400 2
113 360 2
142 89 2
306 495 2
137 167 2
167 106 2
84 465 2
87 41 2
429 378 2
274 52 2
111 310 2
183 254 2
228 280 2
215 247 2
313 348 2
405 223 2
144 425 2
263 434 2
412 397 2
15 209 2
441 123 2
82 500 2
379 355 2
274 460 2
119 153 2
381 149 2
330 452 2
94 135 2
2 44 2
67 79 2
297 69 2
227 386 2
294 116 2
335 270 2
130 35 2
456 440 2
67 473 2
251 129 2
244 456 2
216 79 2
491 109 2
464 151 2
105 229 2
338 7 2
41 283 2
493 275 2
447 135 2
381 126 2
286 435 2
262 46 2
391 425 2
246 9 2
37 424 2
177 3 2
376 366 2
404 431 2
85 250 2
65 436 2
438 74 2
5 18 2
313 161 2
388 356 2
2 7 2
350 25 2
215 172 2
3 86 2
369 220 2
195 46 2
214 178 2
276 285 2
194 241 2
225 124 2
416 176 2
414 313 2
298 60 2
162 40 2
206 480 2
437 308 2
227 45 2
263 320 2
464 32 2
376 101 2
316 380 2
353 110 2
167 119 2
454 320 2
187 172 2
273 305 2
244 436 2
347 211 2
429 487 2
195 266 2
466 323 2
264 395 2
482 413 2
165 347 2
226 164 2
328 302 2
371 473 2
479 113 2
87 177 2
428 342 2
259 123 2
298 290 2
179 47 2
351 283 2
379 221 2
14 128 2
454 116 2
466 274 2
180 452 2
343 230 2
123 265 2
381 281 2
90 419 2
377 234 2
169 437 2
10 354 2
157 399 2
18 171 2
474 13 2
15 119 2
226 62 2
14 172 2
168 77 2
138 52 2
482 123 2
331 412 2
498 251 2
341 107 2
235 199 2
472 221 2
73 456 2
489 247 2
486 91 2
176 261 2
361 310 2
220 39 2
343 387 2
334 419 2
429 491 2
287 245 2
125 138 2
276 76 2
211 429 2
237 241 2
436 26 2
368 7 2
26 62 2
385 500 2
220 100 2
305 223 2
184 123 2
127 248 2
285 178 2
347 123 2
296 202 2
289 210 2
197 179 2
275 9 2
113 231 2
212 1 2
476 299 2
398 315 2
459 327 2
23 203 2
188 442 2
305 476 2
441 189 2
447 298 2
251 268 2
201 314 2
380 73 2
245 44 2
254 355 2
351 158 2
320 485 2
22 336 2
448 136 2
91 100 2
460 42 2
210 456 2
437 21 2
397 442 2
49 479 2
289 434 2
59 227 2
459 477 2
215 387 2
474 6 2
89 384 2
466 467 2
415 322 2
87 55 2
12 180 2
60 267 2
477 488 2
176 21 2
490 367 2
323 87 2
235 443 2
165 126 2
183 136 2
391 481 2
85 484 2
166 468 2
356 305 2
196 260 2
52 21 2
35 180 2
282 51 2
145 218 2
352 246 2
209 464 2
3 49 2
104 492 2
476 176 2
369 476 2
59 487 2
223 283 2
56 98 2
149 478 2
465 415 2
250 365 2
410 261 2
415 165 2
200 133 2
62 57 2
454 452 2
15 68 2
47 472 2
441 256 2
69 463 2
346 135 2
59 76 2
110 161 2
222 336 2
387 431 2
360 171 2
326 270 2
73 65 2
155 199 2
66 494 2
10 223 2
405 148 2
76 95 2
95 152 2
171 281 2
432 118 2
327 280 2
87 215 2
56 1 2
176 273 2
168 43 2
486 278 2
141 215 2
102 34 2
295 47 2
307 218 2
199 430 2
142 430 2
313 393 2
86 145 2
63 351 2
237 79 2
409 57 2
357 207 2
221 193 2
424 149 2
264 127 2
185 484 2
215 332 2
303 295 2
211 371 2
215 89 2
175 292 2
322 88 2
49 484 2
261 368 2
223 311 2
157 370 2
195 227 2
236 67 2
314 311 2
382 458 2
4 82 2
470 151 2
242 158 2
324 398 2
409 417 2
409 241 2
340 241 2
200 320 2
48 308 2
100 3 2
285 75 2
460 233 2
18 416 2
201 263 2
231 286 2
80 121 2
161 68 2
350 196 2
267 348 2
348 355 2
175 68 2
153 480 2
451 229 2
261 197 2
207 317 2
43 353 2
348 52 2
451 271 2
211 443 2
46 310 2
78 111 2
482 407 2
469 491 2
357 159 2
337 170 2
220 33 2
13 177 2
218 436 2
441 169 2
320 63 2
168 373 2
385 429 2
446 342 2
141 364 2
107 413 2
351 278 2
244 477 2
75 421 2
146 403 2
442 486 2
295 385 2
30 422 2
413 354 2
318 428 2
408 366 2
383 238 2
351 232 2
413 179 2
229 50 2
255 367 2
319 193 2
450 489 2
378 269 2
281 329 2
382 280 2
50 361 2
451 275 2
227 296 2
340 403 2
143 381 2
314 428 2
365 104 2
408 331 2
413 66 2
418 167 2
114 479 2
352 222 2
72 2 2
446 159 2
27 230 2
203 178 2
210 183 2
409 344 2
59 298 2
277 402 2
55 271 2
32 168 2
445 170 2
75 435 2
74 118 2
108 79 2
295 398 2
94 325 2
472 199 2
399 349 2
400 206 2
344 41 2
390 338 2
135 41 2
56 48 2
424 333 2
35 366 2
135 107 2
439 342 2
446 389 2
69 244 2
333 206 2
101 255 2
241 382 2
17 315 2
481 220 2
470 284 2
400 490 2
473 250 2
120 206 2
436 443 2
11 441 2
6 363 2
251 277 2
298 141 2
61 123 2
434 131 2
26 6 2
338 35 2
241 167 2
8 274 2
179 406 2
94 108 2
312 174 2
211 10 2
55 431 2
111 30 2
196 251 2
449 393 2
490 331 2
428 235 2
13 11 2
35 342 2
56 413 2
495 1 2
188 121 2
160 265 2
289 115 2
217 407 2
215 360 2
464 141 2
200 380 2
320 182 2
439 404 2
261 75 2
428 168 2
80 92 2
440 488 2
141 383 2
98 473 2
163 225 2
299 98 2
467 339 2
445 290 2
440 338 2
245 116 2
360 468 2
419 208 2
42 359 2
446 476 2
421 477 2
357 183 2
74 155 2
97 379 2
149 13 2
54 363 2
496 165 2
186 122 2
417 398 2
4 452 2
320 365 2
193 467 2
228 108 2
341 380 2
381 489 2
74 7 2
39 275 2
290 182 2
332 203 2
335 351 2
310 122 2
293 459 2
130 41 2
460 148 2
356 365 2
357 486 2
2 123 2
186 238 2
303 378 2
352 401 2
94 248 2
4 47 2
385 185 2
204 436 2
436 188 2
478 59 2
13 127 2
337 446 2
254 229 2
6 484 2
117 34 2
286 152 2
191 217 2
39 271 2
298 497 2
244 310 2
384 349 2
472 470 2
411 284 2
45 234 2
255 211 2
156 185 2
133 490 2
28 105 2
437 197 2
283 250 2
135 189 2
242 204 2
293 353 2
72 141 2
31 249 2
133 101 2
443 258 2
233 182 2
382 321 2
58 259 2
130 289 2
74 203 2
164 201 2
457 210 2
63 255 2
171 261 2
304 116 2
109 162 2
409 282 2
26 171 2
172 184 2
70 182 2
141 112 2
194 334 2
129 448 2
3 160 2
319 97 2
392 325 2
65 423 2
43 431 2
193 422 2
111 44 2
440 274 2
295 117 2
345 308 2
377 20 2
26 75 2
384 97 2
304 75 2
43 482 2
413 185 2
340 216 2
351 427 2
309 480 2
71 151 2
368 242 2
244 359 2
49 303 2
295 67 2
51 428 2
391 74 2
96 153 2
401 477 2
114 254 2
81 341 2
401 236 2
156 35 2
336 249 2
499 333 2
154 241 2
294 55 2
163 439 2
343 487 2
47 272 2
24 35 2
125 195 2
428 20 2
296 97 2
179 181 2
44 475 2
399 70 2
219 156 2
45 144 2
351 77 2
36 207 2
94 13 2
316 283 2
279 238 2
336 247 2
93 314 2
398 56 2
474 75 2
117 243 2
414 224 2
416 257 2
311 26 2
487 380 2
400 430 2
158 306 2
381 232 2
252 227 2
254 500 2
386 207 2
471 459 2
167 26 2
242 437 2
458 55 2
247 439 2
206 334 2
227 303 2
239 201 2
284 176 2
438 408 2
242 217 2
166 289 2
212 268 2
160 456 2
141 328 2
118 489 2
187 154 2
110 82 2
85 12 2
421 355 2
462 103 2
375 235 2
201 261 2
107 395 2
114 139 2
101 224 2
3 110 2
497 72 2
161 305 2
315 170 2
43 128 2
281 160 2
248 469 2
137 408 2
306 298 2
46 270 2
46 474 2
62 358 2
327 440 2
348 261 2
100 325 2
302 416 2
69 352 2
417 332 2
38 168 2
4 232 2
40 491 2
490 464 2
296 463 2
388 66 2
257 46 2
28 273 2
375 342 2
194 446 2
348 176 2
168 62 2
483 111 2
400 494 2
423 403 2
297 294 2
88 399 2
227 54 2
400 352 2
352 155 2
369 113 2
81 119 2
67 160 2
498 228 2
492 215 2
66 5 2
106 388 2
463 440 2
53 309 2
500 175 2
302 474 2
329 167 2
260 88 2
344 29 2
381 33 2
11 482 2
228 265 2
444 230 2
137 322 2
312 224 2
311 427 2
314 393 2
152 127 2
93 253 2
462 48 2
171 250 2
335 374 2
299 356 2
241 38 2
385 336 2
259 25 2
446 193 2
408 313 2
315 221 2
110 472 2
369 56 2
14 322 2
337 15 2
6 458 2
255 311 2
263 314 2
287 299 2
434 269 2
3 462 2
198 263 2
226 480 2
425 174 2
388 265 2
457 159 2
235 360 2
7 299 2
373 125 2
52 128 2
228 134 2
79 144 2
160 444 2
365 409 2
220 460 2
103 421 2
228 239 2
289 435 2
299 439 2
490 71 2
20 262 2
222 359 2
54 454 2
191 27 2
187 19 2
28 161 2
259 217 2
21 139 2
466 411 2
141 52 2
177 331 2
351 440 2
285 80 2
290 402 2
399 429 2
448 323 2
114 259 2
416 62 2
187 186 2
390 453 2
204 290 2
17 131 2
431 179 2
233 215 2
286 234 2
448 394 2
460 10 2
416 403 2
428 71 2
436 286 2
11 429 2
307 275 2
140 290 2
334 349 2
206 375 2
88 27 2
54 18 2
3 278 2
422 178 2
77 103 2
421 245 2
264 457 2
478 87 2
8 500 2
381 64 2
31 307 2
78 378 2
381 268 2
35 165 2
340 180 2
99 238 2
161 422 2
409 215 2
379 112 2
85 213 2
166 266 2
300 393 2
73 467 2
352 381 2
301 14 2
80 156 2
285 372 2
456 262 2
209 457 2
270 361 2
161 423 2
284 67 2
105 163 2
27 174 2
121 38 2
215 223 2
68 31 2
443 306 2
363 43 2
271 53 2
369 343 2
393 124 2
321 173 2
219 361 2
172 83 2
476 172 2
308 416 2
424 337 2
138 148 2
45 349 2
255 350 2
277 491 2
7 207 2
162 295 2
145 67 2
254 301 2
374 97 2
334 33 2
103 12 2
99 492 2
61 366 2
196 127 2
7 466 2
227 323 2
323 145 2
386 152 2
77 86 2
433 412 2
418 184 2
304 203 2
40 249 2
156 189 2
316 16 2
488 457 2
372 183 2
220 351 2
308 350 2
194 44 2
335 130 2
418 388 2
218 158 2
327 400 2
447 57 2
52 455 2
120 230 2
76 332 2
122 61 2
169 79 2
307 233 2
104 332 2
77 36 2
34 27 2
386 462 2
304 407 2
298 205 2
401 205 2
63 375 2
371 382 2
144 86 2
319 150 2
426 234 2
335 300 2
260 339 2
371 209 2
290 406 2
127 246 2
195 269 2
95 130 2
499 183 2
278 119 2
202 489 2
217 371 2
4 308 2
366 156 2
23 476 2
303 61 2
351 477 2
341 114 2
330 484 2
369 132 2
165 271 2
278 315 2
12 175 2
194 110 2
26 415 2
148 423 2
388 73 2
64 226 2
184 381 2
105 10 2
414 153 2
215 31 2
465 429 2
64 76 2
378 58 2
393 407 2
351 156 2
204 186 2
286 360 2
226 202 2
401 406 2
196 490 2
37 272 2
256 162 2
327 72 2
256 327 2
41 302 2
29 260 2
444 322 2
105 473 2
156 320 2
91 277 2
309 343 2
49 475 2
180 156 2
44 291 2
71 355 2
461 385 2
52 383 2
136 64 2
474 195 2
432 494 2
422 379 2
459 52 2
196 100 2
385 207 2
207 264 2
476 68 2
32 166 2
355 131 2
315 137 2
228 303 2
408 487 2
134 124 2
119 386 2
42 496 2
94 424 2
329 321 2
313 459 2
13 279 2
361 444 2
430 392 2
448 476 2
37 262 2
253 144 2
165 219 2
429 14 2
319 1 2
232 130 2
51 94 2
400 59 2
258 305 2
100 37 2
410 387 2
402 467 2
348 371 2
366 163 2
140 106 2
457 390 2
140 366 2
211 215 2
184 119 2
323 17 2
477 56 2
178 14 2
347 54 2
473 329 2
486 492 2
406 445 2
70 343 2
377 398 2
206 274 2
373 357 2
257 98 2
226 79 2
263 423 2
336 420 2
96 45 2
9 2 2
489 59 2
372 463 2
339 38 2
264 382 2
315 283 2
67 334 2
427 78 2
422 208 2
110 322 2
194 323 2
97 461 2
146 434 2
153 130 2
77 390 2
496 337 2
210 313 2
372 331 2
285 97 2
204 183 2
97 401 2
454 215 2
312 152 2
154 167 2
8 371 2
407 99 2
298 395 2
366 109 2
100 169 2
189 365 2
57 206 2
303 153 2
445 260 2
337 64 2
48 284 2
84 290 2
395 385 2
81 403 2
307 408 2
385 215 2
457 287 2
340 376 2
438 12 2
394 286 2
161 458 2
293 352 2
311 264 2
38 272 2
323 64 2
440 248 2
327 239 2
84 178 2
448 95 2
489 257 2
188 63 2
292 476 2
101 343 2
86 332 2
225 186 2
332 57 2
144 348 2
256 369 2
324 181 2
277 256 2
376 118 2
129 221 2
431 385 2
422 321 2
477 355 2
221 31 2
315 463 2
43 426 2
390 402 2
154 2 2
488 447 2
338 471 2
482 29 2
230 240 2
252 499 2
21 454 2
256 365 2
29 62 2
451 42 2
96 287 2
223 369 2
145 315 2
446 133 2
415 41 2
127 468 2
175 99 2
290 45 2
332 28 2
186 90 2
289 421 2
165 26 2
255 309 2
402 179 2
272 273 2
260 467 2
294 6 2
49 44 2
434 414 2
69 150 2
130 249 2
267 51 2
6 380 2
41 384 2
422 236 2
243 364 2
415 423 2
486 244 2
344 425 2
470 129 2
156 257 2
172 169 2
472 410 2
331 211 2
278 493 2
54 427 2
390 90 2
410 428 2
285 457 2
90 359 2
160 414 2
422 409 2
206 191 2
162 134 2
323 428 2
8 442 2
489 261 2
237 328 2
274 307 2
413 148 2
42 497 2
179 390 2
56 456 2
7 59 2
338 193 2
242 478 2
221 226 2
382 275 2
415 275 2
125 366 2
352 251 2
249 149 2
79 38 2
109 434 2
169 363 2
140 386 2
402 256 2
246 41 2
430 304 2
137 285 2
404 65 2
253 148 2
135 118 2
456 333 2
498 115 2
325 98 2
112 48 2
314 234 2
356 40 2
446 219 2
341 60 2
416 398 2
4 437 2
485 46 2
194 201 2
96 365 2
336 376 2
159 223 2
195 310 2
366 252 2
20 205 2
241 162 2
489 309 2
38 89 2
119 392 2
199 245 2
72 11 2
296 123 2
453 207 2
28 277 2
376 382 2
300 15 2
51 169 2
155 434 2
88 6 2
40 500 2
104 466 2
394 278 2
428 313 2
450 182 2
169 108 2
11 32 2
77 480 2
453 244 2
79 472 2
247 444 2
55 18 2
358 341 2
288 91 2
160 270 2
431 378 2
268 374 2
255 228 2
32 314 2
379 393 2
10 144 2
234 187 2
340 276 2
145 228 2
429 253 2
287 94 2
443 156 2
380 449 2
418 179 2
475 187 2
430 232 2
61 278 2
137 125 2
138 412 2
362 297 2
2 103 2
141 385 2
154 16 2
261 134 2
15 76 2
474 263 2
240 446 2
97 58 2
67 373 2
37 471 2
421 384 2
228 398 2
431 427 2
436 284 2
324 434 2
395 209 2
110 496 2
306 488 2
66 73 2
373 136 2
162 357 2
125 492 2
44 37 2
101 390 2
49 73 2
413 389 2
451 280 2
123 407 2
221 345 2
301 80 2
487 17 2
435 386 2
89 400 2
235 230 2
231 14 2
70 174 2
349 311 2
265 358 2
118 25 2
467 453 2
95 49 2
4 45 2
361 389 2
175 324 2
269 370 2
76 298 2
45 437 2
116 449 2
54 4 2
189 88 2
328 459 2
109 281 2
220 464 2
58 382 2
36 244 2
111 304 2
201 40 2
216 297 2
180 495 2
293 326 2
170 33 2
66 247 2
38 397 2
108 473 2
420 458 2
295 289 2
438 138 2
273 311 2
451 445 2
219 84 2
411 293 2
245 352 2
382 311 2
443 46 2
412 187 2
324 448 2
296 458 2
370 479 2
221 306 2
151 55 2
297 341 2
233 14 2
274 96 2
221 409 2
173 126 2
70 426 2
292 151 2
478 164 2
145 469 2
66 286 2
483 413 2
34 339 2
5 300 2
289 60 2
370 41 2
264 428 2
226 211 2
177 446 2
222 235 2
33 380 2
407 295 2
357 91 2
192 440 2
205 291 2
423 223 2
449 38 2
208 225 2
38 458 2
140 352 2
277 314 2
285 363 2
59 121 2
176 29 2
78 171 2
462 454 2
389 201 2
322 189 2
456 63 2
71 487 2
140 206 2
190 24 2
429 261 2
271 151 2
470 141 2
149 167 2
321 209 2
190 302 2
235 229 2
412 231 2
176 215 2
53 320 2
327 498 2
81 34 2
390 302 2
222 255 2
346 160 2
177 58 2
486 122 2
335 114 2
111 388 2
314 21 2
278 32 2
469 250 2
405 141 2
347 296 2
326 314 2
65 66 2
40 401 2
292 43 2
135 169 2
371 154 2
450 335 2
242 146 2
401 457 2
405 339 2
380 300 2
302 426 2
337 477 2
71 67 2
262 362 2
50 245 2
164 76 2
250 215 2
428 246 2
186 363 2
344 273 2
168 115 2
232 477 2
384 461 2
316 38 2
156 241 2
288 499 2
342 313 2
292 324 2
26 248 2
101 319 2
347 464 2
329 118 2
216 368 2
410 408 2
408 285 2
422 229 2
114 178 2
428 209 2
497 66 2
119 145 2
212 62 2
431 314 2
115 280 2
293 259 2
223 211 2
35 490 2
311 492 2
443 466 2
247 115 2
371 232 2
120 289 2
231 207 2
379 439 2
497 18 2
163 341 2
195 212 2
222 302 2
36 249 2
197 157 2
429 321 2
169 119 2
137 27 2
407 468 2
65 261 2
389 14 2
354 287 2
269 486 2
310 445 2
157 164 2
18 223 2
25 253 2
217 168 2
24 78 2
472 145 2
359 234 2
72 315 2
486 69 2
362 158 2
134 270 2
349 364 2
480 75 2
334 411 2
310 190 2
244 170 2
332 276 2
96 270 2
29 431 2
412 379 2
167 67 2
210 432 2
166 335 2
465 121 2
420 400 2
64 468 2
429 126 2
440 337 2
103 481 2
324 254 2
240 286 2
451 274 2
285 183 2
147 322 2
223 102 2
70 214 2
280 311 2
252 321 2
454 275 2
100 438 2
485 391 2
431 32 2
378 110 2
86 181 2
68 446 2
476 475 2
201 52 2
268 125 2
368 419 2
289 83 2
137 101 2
383 244 2
299 111 2
40 173 2
490 334 2
238 247 2
69 457 2
245 151 2
84 302 2
335 378 2
446 119 2
155 343 2
5 320 2
245 355 2
375 183 2
10 169 2
288 363 2
77 196 2
217 298 2
468 231 2
45 77 2
394 263 2
39 105 2
251 471 2
285 355 2
69 444 2
173 457 2
38 146 2
332 78 2
369 247 2
28 134 2
192 146 2
375 491 2
380 305 2
115 332 2
324 291 2
353 67 2
142 26 2
235 182 2
114 174 2
209 256 2
264 486 2
470 237 2
341 361 2
307 224 2
160 347 2
214 474 2
302 6 2
247 364 2
129 427 2
476 210 2
284 457 2
84 344 2
335 366 2
221 430 2
257 99 2
376 416 2
262 127 2
443 457 2
257 219 2
436 3 2
110 374 2
369 103 2
481 312 2
95 10 2
284 221 2
355 394 2
157 378 2
134 492 2
340 171 2
392 263 2
303 333 2
7 63 2
27 317 2
283 30 2
398 306 2
240 347 2
303 138 2
109 290 2
344 256 2
61 226 2
200 111 2
133 449 2
372 429 2
134 251 2
68 233 2
429 2 2
238 9 2
366 224 2
140 155 2
398 432 2
143 280 2
279 493 2
396 363 2
321 345 2
60 353 2
57 337 2
110 258 2
31 427 2
446 15 2
1 377 2
311 421 2
355 74 2
27 480 2
497 30 2
429 33 2
310 500 2
380 472 2
22 493 2
416 391 2
330 120 2
147 107 2
255 37 2
117 413 2
82 115 2
465 258 2
34 305 2
78 472 2
86 323 2
281 178 2
362 36 2
274 490 2
201 144 2
252 165 2
392 112 2
199 478 2
244 235 2
131 329 2
27 385 2
72 73 2
316 81 2
132 347 2
398 347 2
414 25 2
242 197 2
365 495 2
319 322 2
323 100 2
190 176 2
118 56 2
431 192 2
359 32 2
372 427 2
285 242 2
443 219 2
464 202 2
91 5 2
171 139 2
402 69 2
99 211 2
417 283 2
388 43 2
286 111 2
12 284 2
225 267 2
291 180 2
14 476 2
231 254 2
69 437 2
45 438 2
109 414 2
36 51 2
120 143 2
473 232 2
405 112 2
220 179 2
461 34 2
259 257 2
472 373 2
376 444 2
19 306 2
291 62 2
116 127 2
258 129 2
164 336 2
497 388 2
341 430 2
276 411 2
89 200 2
472 213 2
431 218 2
178 495 2
402 35 2
323 33 2
186 468 2
389 114 2
483 118 2
475 141 2
394 446 2
93 390 2
486 262 2
187 367 2
385 193 2
168 18 2
397 299 2
148 12 2
143 204 2
361 128 2
418 438 2
135 164 2
250 29 2
290 419 2
289 143 2
284 23 2
212 423 2
79 236 2
125 6 2
58 240 2
59 355 2
359 104 2
471 442 2
227 9 2
121 335 2
180 244 2
105 313 2
269 123 2
143 364 2
98 493 2
309 305 2
158 380 2
256 284 2
463 2 2
83 81 2
5 308 2
288 7 2
25 134 2
140 76 2
391 130 2
343 354 2
389 217 2
466 110 2
456 444 2
156 330 2
424 323 2
459 239 2
382 160 2
64 448 2
19 56 2
227 160 2
214 164 2
104 181 2
429 439 2
15 471 2
67 163 2
23 316 2
296 465 2
83 71 2
185 360 2
344 80 2
62 125 2
228 385 2
281 174 2
395 499 2
39 110 2
447 430 2
453 193 2
115 320 2
241 306 2
40 68 2
428 496 2
275 396 2
184 254 2
468 490 2
340 115 2
296 21 2
147 227 2
69 476 2
111 180 2
100 475 2
488 380 2
310 211 2
152 94 2
306 127 2
173 458 2
106 102 2
483 73 2
202 34 2
159 74 2
266 399 2
14 477 2
161 359 2
417 59 2
86 148 2
165 307 2
62 104 2
226 172 2
34 332 2
399 444 2
135 400 2
51 341 2
53 489 2
379 150 2
232 106 2
132 216 2
456 140 2
192 94 2
398 179 2
176 205 2
156 50 2
171 162 2
335 307 2
455 268 2
465 9 2
321 312 2
380 317 2
304 384 2
321 28 2
24 123 2
263 138 2
233 44 2
278 448 2
257 211 2
74 77 2
244 53 2
157 321 2
206 304 2
448 92 2
113 475 2
51 61 2
53 449 2
206 218 2
498 320 2
258 82 2
19 486 2
437 282 2
385 39 2
362 366 2
280 98 2
56 386 2
337 241 2
358 131 2
275 385 2
150 336 2
222 37 2
479 96 2
402 356 2
33 63 2
110 425 2
354 488 2
405 246 2
98 279 2
355 73 2
475 252 2
77 442 2
181 434 2
317 369 2
328 114 2
355 247 2
301 87 2
203 287 2
396 136 2
290 334 2
43 297 2
87 1 2
440 9 2
57 307 2
58 353 2
391 370 2
127 452 2
88 135 2
260 21 2
29 333 2
460 180 2
128 137 2
228 210 2
137 156 2
58 454 2
80 145 2
121 221 2
140 488 2
365 143 2
384 121 2
186 92 2
404 347 2
337 238 2
142 384 2
346 95 2
440 201 2
369 253 2
321 407 2
131 349 2
186 113 2
225 87 2
416 414 2
281 65 2
28 493 2
118 317 2
317 451 2
133 12 2
26 483 2
281 152 2
392 205 2
304 472 2
37 161 2
228 19 2
203 157 2
500 204 2
389 69 2
445 212 2
343 94 2
112 289 2
139 78 2
10 185 2
41 214 2
223 495 2
94 266 2
153 236 2
77 113 2
172 164 2
309 280 2
92 385 2
278 191 2
242 376 2
205 368 2
16 457 2
114 439 2
56 178 2
455 50 2
402 426 2
367 181 2
494 95 2
294 54 2
22 434 2
46 189 2
168 85 2
19 51 2
67 479 2
482 314 2
98 482 2
133 60 2
11 229 2
363 24 2
184 298 2
341 487 2
130 341 2
349 258 2
148 308 2
61 370 2
286 446 2
78 203 2
349 317 2
310 362 2
36 9 2
91 92 2
259 240 2
461 366 2
226 58 2
255 307 2
63 204 2
75 216 2
38 226 2
312 457 2
344 207 2
33 318 2
39 48 2
350 195 2
61 11 2
245 407 2
389 184 2
377 98 2
200 144 2
263 462 2
347 52 2
40 228 2
437 38 2
325 355 2
225 68 2
318 312 2
343 81 2
363 210 2
287 472 2
192 306 2
199 490 2
354 455 2
455 47 2
198 76 2
343 60 2
111 102 2
96 426 2
359 334 2
97 431 2
65 399 2
197 173 2
151 445 2
40 315 2
246 361 2
377 90 2
203 184 2
191 108 2
179 12 2
481 343 2
302 293 2
264 120 2
403 150 2
407 21 2
475 215 2
157 68 2
391 21 2
81 207 2
255 208 2
220 472 2
477 320 2
199 1 2
74 144 2
93 371 2
406 188 2
26 16 2
292 59 2
108 420 2
246 495 2
142 66 2
284 36 2
295 493 2
364 153 2
439 447 2
63 187 2
451 467 2
33 178 2
444 25 2
351 96 2
33 197 2
318 348 2
205 151 2
204 70 2
195 417 2
265 476 2
82 360 2
142 150 2
442 473 2
246 32 2
242 271 2
241 19 2
427 418 2
28 94 2
159 190 2
286 155 2
36 212 2
213 251 2
129 92 2
427 308 2
249 42 2
289 436 2
260 157 2
446 374 2
373 496 2
186 104 2
77 445 2
80 191 2
293 437 2
450 219 2
369 16 2
384 366 2
163 287 2
487 352 2
492 269 2
154 413 2
149 84 2
1 181 2
285 143 2
219 24 2
253 140 2
36 33 2
145 88 2
423 427 2
42 377 2
136 441 2
259 292 2
367 117 2
41 311 2
148 25 2
62 85 2
497 367 2
130 325 2
316 168 2
9 472 2
485 263 2
336 245 2
424 346 2
406 410 2
376 65 2
282 13 2
400 295 2
14 31 2
454 27 2
20 5 2
207 322 2
497 146 2
419 251 2
281 485 2
388 474 2
412 185 2
180 145 2
16 411 2
4 106 2
480 437 2
196 60 2
469 368 2
309 303 2
163 263 2
355 240 2
96 441 2
74 99 2
486 112 2
292 323 2
114 159 2
241 117 2
86 264 2
222 137 2
195 456 2
271 461 2
476 330 2
6 468 2
395 500 2
165 28 2
53 141 2
8 144 2
198 85 2
124 97 2
338 82 2
448 90 2
276 397 2
119 207 2
255 218 2
146 468 2
234 333 2
271 191 2
220 295 2
14 217 2
305 72 2
27 440 2
214 494 2
453 482 2
427 345 2
47 343 2
426 308 2
322 346 2
453 248 2
455 384 2
9 228 2
305 93 2
31 425 2
66 498 2
477 92 2
67 129 2
470 18 2
205 65 2
459 411 2
280 293 2
500 103 2
65 231 2
467 492 2
56 244 2
218 395 2
465 125 2
435 391 2
342 420 2
101 27 2
318 475 2
458 393 2
296 84 2
443 259 2
159 67 2
2 398 2
469 99 2
145 375 2
474 301 2
195 411 2
10 102 2
144 99 2
227 158 2
131 360 2
489 402 2
4 160 2
407 353 2
400 197 2
202 140 2
272 65 2
436 476 2
92 127 2
3 228 2
416 306 2
23 265 2
471 487 2
374 112 2
413 71 2
182 15 2
134 291 2
466 173 2
98 495 2
116 378 2
500 174 2
246 144 2
67 105 2
417 455 2
245 66 2
155 146 2
393 278 2
445 275 2
479 385 2
191 237 2
48 327 2
499 406 2
137 449 2
218 192 2
411 111 2
136 93 2
21 333 2
329 147 2
456 487 2
234 357 2
377 67 2
360 253 2
19 40 2
259 129 2
253 372 2
175 268 2
110 114 2
218 256 2
490 500 2
38 37 2
152 313 2
446 142 2
325 164 2
241 414 2
233 294 2
103 387 2
490 493 2
82 68 2
168 486 2
284 437 2
270 365 2
352 39 2
326 224 2
352 46 2
64 68 2
297 399 2
48 236 2
59 453 2
477 248 2
253 305 2
34 77 2
340 424 2
24 438 2
39 20 2
196 226 2
66 168 2
6 381 2
200 107 2
49 474 2
47 54 2
12 381 2
447 394 2
296 448 2
201 346 2
344 278 2
131 411 2
22 297 2
130 361 2
23 264 2
490 491 2
131 409 2
490 59 2
326 417 2
364 458 2
485 56 2
434 191 2
154 359 2
224 64 2
173 24 2
312 243 2
367 259 2
273 417 2
346 405 2
263 82 2
345 243 2
292 341 2
371 133 2
125 290 2
63 165 2
366 20 2
163 272 2
276 433 2
92 22 2
187 363 2
454 50 2
320 460 2
158 441 2
332 245 2
441 133 2
350 203 2
3 311 2
8 443 2
339 80 2
303 144 2
243 129 2
487 427 2
269 24 2
183 355 2
373 169 2
465 199 2
8 438 2
92 113 2
228 12 2
332 458 2
467 285 2
74 212 2
118 208 2
256 11 2
341 171 2
196 147 2
234 107 2
130 225 2
286 392 2
79 345 2
55 56 2
64 21 2
409 437 2
385 195 2
280 494 2
294 150 2
209 451 2
291 20 2
309 233 2
384 372 2
80 43 2
172 395 2
47 312 2
346 259 2
137 274 2
465 421 2
335 491 2
349 424 2
35 248 2
380 346 2
170 162 2
470 177 2
486 237 2
113 119 2
456 476 2
245 152 2
399 145 2
468 384 2
244 297 2
461 334 2
28 195 2
394 414 2
399 210 2
403 97 2
137 327 2
211 57 2
79 477 2
320 237 2
52 451 2
289 404 2
114 210 2
285 160 2
197 368 2
456 449 2
312 126 2
7 443 2
316 341 2
46 248 2
281 383 2
302 108 2
343 311 2
190 477 2
10 37 2
489 195 2
479 63 2
282 439 2
161 93 2
338 245 2
179 29 2
156 349 2
61 84 2
290 228 2
192 61 2
158 269 2
499 279 2
120 480 2
111 417 2
465 471 2
220 244 2
10 170 2
488 297 2
416 131 2
451 335 2
68 215 2
71 199 2
125 97 2
217 263 2
259 35 2
32 102 2
237 24 2
52 495 2
337 497 2
478 453 2
3 106 2
237 384 2
293 407 2
259 495 2
30 343 2
232 98 2
121 5 2
216 336 2
60 350 2
436 264 2
410 293 2
28 448 2
289 471 2
345 212 2
438 47 2
168 315 2
435 92 2
350 492 2
52 189 2
53 208 2
130 201 2
111 228 2
170 139 2
45 303 2
432 320 2
168 380 2
192 474 2
137 162 2
461 186 2
303 66 2
332 144 2
225 296 2
376 35 2
324 208 2
489 263 2
6 264 2
269 240 2
327 413 2
101 392 2
178 435 2
323 93 2
123 36 2
465 77 2
82 257 2
85 81 2
201 227 2
465 255 2
211 372 2
310 451 2
103 9 2
387 179 2
206 441 2
402 86 2
338 214 2
187 268 2
471 246 2
493 500 2
303 267 2
55 59 2
139 440 2
320 387 2
15 156 2
226 188 2
397 425 2
259 255 2
165 341 2
222 9 2
284 344 2
337 415 2
263 386 2
483 468 2
481 240 2
313 195 2
443 191 2
462 143 2
87 236 2
395 41 2
267 63 2
279 455 2
224 350 2
341 425 2
203 171 2
51 491 2
336 460 2
226 442 2
171 386 2
253 138 2
297 97 2
295 73 2
463 197 2
131 141 2
193 412 2
333 25 2
395 494 2
205 90 2
35 310 2
37 394 2
363 31 2
389 329 2
388 92 2
132 334 2
472 451 2
268 358 2
222 274 2
311 24 2
436 199 2
286 475 2
358 399 2
381 431 2
341 414 2
346 308 2
106 253 2
107 171 2
273 153 2
152 305 2
296 311 2
488 409 2
22 172 2
353 388 2
67 423 2
33 268 2
169 255 2
2 314 2
258 461 2
341 442 2
364 223 2
366 25 2
171 328 2
213 343 2
500 209 2
90 77 2
470 285 2
162 192 2
257 128 2
344 413 2
187 124 2
464 326 2
328 424 2
455 262 2
164 49 2
411 227 2
139 374 2
130 259 2
496 432 2
118 205 2
71 206 2
377 84 2
102 296 2
428 475 2
175 16 2
86 279 2
478 40 2
486 92 2
290 255 2
94 460 2
196 333 2
401 65 2
437 299 2
473 341 2
175 238 2
418 58 2
85 356 2
50 117 2
493 339 2
397 318 2
181 54 2
151 252 2
409 40 2
83 291 2
223 349 2
41 468 2
110 180 2
368 454 2
20 25 2
477 83 2
357 90 2
142 141 2
107 406 2
259 491 2
150 445 2
272 221 2
64 374 2
355 383 2
432 332 2
5 457 2
98 471 2
492 313 2
6 279 2
368 168 2
376 255 2
170 380 2
58 111 2
167 231 2
184 277 2
181 189 2
292 190 2
345 479 2
390 422 2
439 191 2
88 140 2
387 60 2
173 345 2
15 283 2
42 284 2
491 124 2
214 363 2
93 169 2
119 273 2
11 252 2
212 29 2
464 42 2
184 217 2
438 52 2
333 273 2
272 255 2
187 267 2
310 51 2
350 207 2
128 459 2
244 91 2
324 416 2
87 273 2
51 266 2
170 371 2
268 205 2
238 1 2
276 420 2
144 300 2
23 289 2
469 493 2
235 23 2
234 449 2
41 144 2
241 273 2
99 242 2
95 213 2
293 481 2
159 106 2
37 385 2
329 419 2
2 54 2
126 271 2
106 74 2
446 388 2
460 309 2
233 403 2
484 292 2
98 394 2
315 148 2
416 20 2
158 174 2
481 450 2
108 8 2
102 56 2
168 357 2
166 369 2
86 482 2
407 44 2
215 263 2
465 26 2
343 303 2
279 21 2
187 495 2
314 27 2
207 229 2
10 88 2
326 395 2
316 72 2
279 365 2
86 184 2
246 47 2
267 137 2
222 246 2
482 223 2
46 493 2
332 490 2
318 188 2
75 249 2
116 429 2
104 147 2
349 57 2
405 73 2
33 466 2
65 477 2
306 182 2
463 347 2
228 216 2
468 306 2
206 43 2
185 200 2
80 403 2
371 350 2
326 77 2
17 400 2
103 385 2
424 172 2
469 255 2
102 342 2
416 133 2
362 284 2
417 42 2
368 208 2
103 98 2
453 258 2
30 24 2
246 57 2
3 196 2
190 9 2
302 110 2
245 488 2
221 286 2
391 361 2
470 349 2
300 18 2
59 444 2
58 39 2
210 5 2
172 495 2
109 149 2
165 309 2
348 482 2
116 308 2
37 462 2
330 432 2
452 189 2
295 223 2
268 62 2
70 252 2
267 48 2
102 161 2
168 17 2
307 480 2
91 347 2
4 73 2
437 254 2
61 362 2
393 321 2
12 317 2
120 71 2
23 43 2
1 357 2
240 370 2
236 49 2
207 236 2
265 466 2
21 364 2
5 33 2
236 56 2
496 135 2
319 448 2
237 43 2
28 160 2
2 285 2
331 256 2
422 420 2
355 1 2
429 389 2
365 379 2
281 391 2
177 330 2
355 299 2
130 76 2
217 131 2
344 14 2
420 338 2
298 125 2
417 307 2
357 72 2
143 172 2
324 289 2
253 301 2
483 311 2
447 463 2
24 472 2
385 386 2
491 126 2
233 418 2
16 183 2
243 219 2
101 125 2
362 395 2
29 128 2
298 136 2
130 4 2
349 355 2
465 7 2
58 235 2
161 150 2
304 195 2
107 377 2
243 31 2
225 104 2
76 463 2
239 271 2
366 283 2
370 457 2
305 59 2
67 171 2
316 116 2
386 62 2
419 186 2
34 319 2
289 264 2
373 145 2
80 155 2
454 212 2
138 210 2
31 164 2
58 333 2
323 417 2
341 167 2
176 407 2
40 372 2
9 306 2
136 204 2
288 420 2
455 483 2
382 305 2
9 388 2
443 106 2
480 71 2
219 363 2
17 449 2
359 232 2
142 97 2
61 37 2
152 459 2
136 129 2
345 288 2
276 248 2
126 200 2
348 22 2
236 430 2
214 337 2
121 167 2
403 79 2
357 220 2
136 431 2
47 165 2
179 163 2
128 159 2
275 301 2
456 475 2
417 61 2
133 120 2
150 266 2
11 358 2
77 9 2
203 391 2
273 2 2
297 154 2
411 444 2
13 200 2
306 210 2
307 496 2
381 142 2
129 158 2
346 100 2
181 80 2
337 366 2
192 456 2
308 246 2
435 495 2
106 386 2
498 295 2
8 413 2
192 457 2
199 433 2
155 295 2
166 179 2
377 222 2
25 476 2
331 458 2
366 489 2
175 126 2
76 184 2
187 17 2
424 394 2
285 370 2
465 192 2
374 195 2
142 44 2
127 55 2
444 356 2
114 424 2
317 88 2
123 475 2
268 222 2
169 268 2
270 56 2
29 183 2
410 134 2
176 373 2
28 40 2
186 281 2
443 154 2
428 478 2
339 464 2
94 405 2
85 209 2
133 114 2
150 298 2
102 2 2
190 122 2
219 133 2
24 4 2
225 28 2
416 141 2
207 12 2
314 18 2
94 359 2
128 360 2
343 35 2
89 315 2
414 373 2
216 184 2
147 249 2
436 485 2
252 211 2
161 279 2
378 313 2
82 358 2
7 260 2
26 428 2
264 287 2
371 161 2
97 466 2
82 446 2
423 177 2
256 132 2
100 396 2
414 228 2
371 159 2
186 7 2
298 84 2
199 260 2
272 61 2
48 157 2
52 135 2
387 231 2
121 9 2
469 127 2
413 287 2
255 397 2
40 45 2
212 255 2
469 398 2
152 193 2
183 5 2
125 435 2
175 251 2
118 300 2
291 271 2
258 95 2
225 324 2
293 428 2
260 239 2
400 60 2
415 327 2
400 497 2
290 226 2
323 282 2
405 255 2
418 240 2
173 449 2
248 470 2
394 290 2
202 342 2
164 481 2
133 236 2
355 262 2
481 81 2
434 296 2
27 330 2
1 59 2
120 224 2
350 425 2
180 132 2
404 334 2
114 469 2
496 311 2
72 45 2
128 46 2
45 235 2
317 395 2
373 261 2
258 278 2
499 14 2
406 482 2
304 232 2
132 319 2
316 256 2
192 469 2
481 344 2
297 1 2
17 249 2
489 162 2
117 80 2
277 474 2
394 191 2
3 129 2
418 351 2
128 383 2
457 416 2
359 319 2
409 152 2
275 90 2
385 245 2
211 256 2
205 223 2
107 284 2
178 329 2
259 105 2
257 89 2
98 403 2
5 419 2
385 58 2
442 496 2
50 414 2
68 98 2
385 145 2
395 426 2
438 239 2
118 162 2
243 356 2
13 427 2
308 83 2
477 286 2
389 382 2
92 464 2
290 102 2
415 79 2
357 461 2
477 315 2
114 470 2
132 240 2
284 309 2
324 459 2
271 104 2
84 122 2
128 27 2
12 308 2
425 359 2
113 221 2
320 471 2
187 486 2
132 141 2
341 38 2
367 126 2
307 264 2
354 347 2
491 452 2
435 59 2
421 428 2
152 480 2
451 165 2
151 351 2
214 287 2
341 339 2
229 221 2
237 277 2
368 183 2
205 201 2
331 213 2
203 60 2
101 192 2
191 166 2
244 35 2
363 248 2
481 403 2
33 432 2
127 360 2
179 98 2
188 339 2
235 331 2
472 382 2
152 454 2
370 116 2
298 232 2
125 330 2
398 363 2
121 409 2
214 77 2
483 463 2
45 447 2
112 132 2
349 409 2
411 404 2
242 119 2
445 350 2
295 488 2
38 302 2
204 20 2
466 433 2
255 59 2
377 346 2
500 437 2
325 50 2
101 266 2
375 30 2
200 220 2
326 430 2
12 369 2
196 49 2
368 277 2
320 262 2
15 262 2
299 48 2
227 131 2
328 447 2
438 140 2
154 484 2
423 228 2
468 422 2
2 232 2
310 432 2
102 479 2
209 390 2
38 77 2
123 295 2
152 181 2
369 192 2
288 78 2
24 284 2
100 190 2
260 111 2
238 272 2
49 499 2
83 170 2
158 216 2
429 39 2
123 494 2
370 254 2
69 195 2
376 82 2
259 343 2
413 88 2
387 283 2
88 48 2
93 97 2
227 404 2
184 244 2
174 490 2
237 132 2
164 105 2
340 143 2
243 409 2
390 210 2
468 396 2
49 326 2
73 318 2
400 107 2
1 110 2
100 109 2
492 365 2
375 177 2
317 479 2
264 444 2
80 291 2
348 65 2
273 96 2
289 101 2
31 325 2
227 387 2
454 118 2
82 291 2
500 20 2
286 44 2
273 313 2
20 115 2
290 328 2
134 257 2
330 172 2
247 29 2
204 148 2
147 288 2
40 392 2
19 407 2
45 236 2
164 128 2
370 320 2
332 52 2
186 174 2
83 485 2
380 497 2
441 391 2
458 30 2
118 14 2
285 344 2
184 147 2
468 446 2
364 159 2
469 312 2
343 326 2
377 161 2
208 21 2
453 22 2
27 270 2
475 227 2
438 376 2
10 6 2
251 318 2
448 358 2
347 448 2
125 56 2
277 145 2
146 18 2
412 133 2
167 158 2
227 255 2
385 38 2
143 54 2
6 382 2
186 46 2
497 464 2
202 193 2
39 436 2
454 371 2
3 121 2
68 160 2
431 52 2
370 230 2
432 499 2
477 381 2
180 146 2
98 490 2
293 262 2
144 290 2
496 478 2
282 17 2
192 367 2
480 128 2
16 53 2
38 323 2
469 261 2
476 250 2
150 293 2
283 362 2
218 141 2
95 129 2
231 313 2
237 279 2
66 56 2
292 373 2
152 112 2
176 277 2
225 335 2
34 65 2
466 86 2
345 62 2
238 441 2
442 393 2
402 325 2
242 202 2
287 110 2
389 194 2
1 216 2
119 18 2
141 460 2
391 45 2
358 69 2
456 325 2
500 295 2
256 396 2
253 435 2
385 462 2
368 152 2
239 342 2
191 105 2
65 8 2
372 436 2
29 200 2
226 3 2
480 78 2
366 367 2
441 271 2
20 492 2
444 74 2
120 354 2
66 440 2
319 218 2
119 385 2
255 489 2
16 189 2
270 298 2
427 57 2
464 312 2
432 31 2
248 87 2
153 444 2
491 206 2
459 406 2
477 340 2
270 193 2
337 191 2
473 361 2
128 99 2
404 207 2
199 365 2
199 97 2
303 62 2
24 355 2
65 7 2
428 203 2
73 69 2
297 494 2
302 256 2
434 261 2
492 404 2
39 135 2
418 393 2
420 327 2
402 266 2
21 39 2
218 115 2
107 56 2
205 475 2
461 86 2
106 351 2
316 251 2
383 426 2
230 305 2
323 308 2
197 245 2
53 150 2
75 336 2
470 298 2
491 128 2
78 218 2
392 273 2
291 350 2
397 411 2
142 378 2
394 396 2
75 33 2
201 242 2
469 467 2
75 41 2
385 170 2
459 39 2
130 258 2
226 472 2
20 112 2
181 271 2
113 458 2
477 183 2
448 482 2
229 431 2
500 29 2
87 136 2
86 334 2
491 376 2
24 441 2
261 87 2
444 295 2
12 482 2
430 496 2
180 1 2
279 260 2
6 495 2
228 212 2
75 372 2
345 421 2
373 71 2
287 258 2
305 60 2
109 277 2
221 74 2
83 65 2
312 260 2
370 141 2
385 46 2
286 311 2
350 149 2
446 100 2
141 433 2
450 448 2
200 96 2
303 108 2
164 118 2
357 456 2
295 39 2
216 265 2
358 434 2
453 292 2
327 107 2
232 238 2
413 194 2
471 312 2
410 405 2
78 437 2
200 43 2
407 327 2
362 120 2
255 383 2
131 51 2
303 170 2
490 132 2
241 391 2
181 130 2
359 126 2
495 406 2
122 185 2
352 424 2
73 219 2
168 464 2
134 235 2
417 342 2
407 158 2
226 273 2
105 407 2
181 386 2
4 206 2
339 175 2
63 362 2
496 470 2
241 102 2
435 235 2
399 355 2
351 202 2
353 31 2
216 421 2
95 107 2
174 323 2
71 306 2
381 275 2
319 414 2
397 175 2
282 348 2
288 309 2
378 200 2
455 89 2
191 151 2
340 52 2
298 151 2
36 25 2
149 103 2
442 437 2
324 451 2
442 331 2
141 431 2
338 238 2
99 6 2
122 12 2
168 48 2
188 383 2
430 273 2
315 468 2
309 417 2
275 279 2
47 462 2
497 1 2
175 166 2
255 472 2
248 342 2
228 144 2
221 427 2
177 29 2
82 340 2
99 21 2
415 444 2
372 147 2
498 53 2
444 49 2
392 52 2
79 136 2
263 271 2
381 187 2
407 95 2
361 304 2
171 128 2
201 102 2
41 132 2
430 75 2
150 7 2
130 57 2
40 89 2
311 263 2
281 203 2
458 226 2
271 54 2
490 377 2
245 282 2
318 233 2
486 359 2
221 137 2
37 389 2
152 184 2
51 270 2
230 190 2
381 128 2
220 489 2
142 228 2
100 130 2
410 424 2
291 250 2
347 414 2
369 374 2
421 37 2
71 384 2
198 498 2
323 166 2
458 218 2
412 490 2
128 316 2
462 362 2
218 197 2
66 404 2
500 170 2
451 163 2
361 453 2
455 26 2
215 228 2
49 76 2
67 395 2
380 286 2
431 368 2
330 444 2
405 187 2
252 85 2
93 463 2
25 29 2
299 407 2
289 290 2
499 366 2
313 78 2
66 158 2
483 218 2
89 202 2
314 271 2
64 338 2
134 497 2
119 5 2
134 12 2
449 95 2
58 76 2
153 93 2
416 148 2
73 103 2
476 76 2
364 69 2
438 362 2
389 423 2
184 198 2
55 277 2
391 190 2
450 22 2
128 363 2
307 44 2
433 410 2
108 220 2
64 211 2
324 98 2
345 36 2
136 245 2
9 189 2
416 247 2
18 57 2
319 61 2
333 90 2
84 293 2
367 390 2
376 348 2
170 357 2
82 74 2
58 114 2
36 443 2
242 299 2
294 479 2
196 239 2
141 490 2
19 282 2
200 170 2
84 270 2
314 332 2
54 57 2
257 71 2
311 261 2
456 433 2
319 147 2
379 171 2
222 206 2
7 259 2
363 482 2
10 261 2
175 331 2
151 313 2
158 404 2
333 53 2
283 190 2
487 90 2
28 411 2
26 434 2
379 129 2
420 452 2
267 212 2
87 349 2
431 68 2
76 306 2
233 191 2
390 74 2
95 226 2
449 350 2
66 89 2
308 73 2
51 476 2
147 360 2
451 91 2
308 233 2
68 324 2
404 25 2
36 477 2
186 381 2
35 353 2
288 13 2
29 201 2
373 369 2
179 256 2
475 343 2
261 431 2
116 126 2
391 182 2
493 195 2
449 162 2
486 423 2
98 375 2
299 146 2
88 226 2
92 266 2
199 170 2
159 78 2
370 327 2
366 196 2
143 440 2
409 272 2
292 177 2
482 187 2
120 70 2
164 25 2
480 311 2
92 304 2
255 87 2
427 156 2
167 445 2
68 397 2
30 125 2
133 96 2
185 67 2
363 74 2
322 60 2
431 398 2
358 177 2
471 51 2
241 46 2
239 62 2
206 435 2
349 440 2
32 266 2
274 271 2
50 185 2
84 403 2
455 72 2
258 87 2
288 450 2
453 91 2
106 215 2
252 263 2
315 245 2
82 265 2
119 390 2
310 405 2
294 471 2
16 344 2
283 204 2
224 206 2
7 498 2
167 474 2
470 340 2
336 60 2
399 20 2
475 458 2
396 175 2
378 217 2
128 342 2
454 192 2
58 122 2
275 52 2
159 95 2
402 283 2
120 476 2
336 468 2
133 466 2
194 368 2
266 419 2
17 18 2
77 139 2
19 91 2
476 180 2
257 204 2
292 19 2
460 284 2
183 224 2
289 241 2
193 266 2
458 409 2
23 422 2
59 448 2
390 105 2
336 243 2
162 81 2
425 411 2
209 57 2
48 125 2
162 391 2
241 369 2
265 132 2
431 66 2
305 155 2
333 104 2
408 31 2
123 309 2
333 40 2
445 217 2
500 129 2
466 493 2
174 161 2
491 408 2
346 216 2
361 105 2
487 270 2
61 94 2
125 394 2
277 172 2
166 368 2
166 447 2
43 321 2
372 196 2
295 16 2
153 495 2
165 469 2
437 378 2
246 69 2
272 175 2
116 349 2
454 484 2
38 266 2
369 372 2
77 162 2
175 172 2
231 151 2
90 426 2
491 181 2
223 329 2
42 436 2
208 352 2
306 379 2
424 334 2
351 474 2
217 273 2
377 452 2
347 339 2
498 393 2
242 384 2
21 54 2
160 402 2
44 311 2
241 99 2
202 227 2
254 49 2
51 248 2
322 56 2
375 390 2
223 485 2
86 310 2
309 430 2
190 239 2
61 395 2
86 452 2
341 1 2
56 143 2
386 15 2
131 484 2
474 300 2
383 246 2
70 244 2
286 2 2
420 442 2
228 159 2
185 147 2
185 421 2
365 115 2
336 91 2
459 244 2
489 494 2
370 484 2
451 11 2
257 44 2
469 177 2
129 1 2
292 268 2
324 247 2
256 261 2
13 6 2
384 432 2
413 145 2
443 488 2
142 95 2
417 33 2
119 353 2
30 352 2
398 137 2
51 378 2
101 96 2
142 71 2
289 133 2
313 165 2
318 148 2
171 415 2
155 126 2
123 496 2
126 349 2
294 422 2
346 48 2
338 185 2
251 76 2
201 97 2
266 213 2
142 457 2
481 304 2
14 474 2
136 481 2
298 238 2
497 364 2
347 415 2
277 190 2
382 342 2
37 39 2
65 461 2
245 493 2
328 93 2
12 79 2
292 174 2
106 269 2
496 11 2
33 119 2
301 101 2
462 414 2
176 164 2
427 439 2
309 484 2
220 354 2
281 262 2
77 206 2
407 278 2
271 163 2
400 87 2
224 59 2
148 189 2
129 499 2
19 449 2
228 409 2
49 146 2
390 378 2
473 295 2
1 60 2
452 22 2
180 396 2
346 37 2
418 369 2
97 109 2
62 320 2
444 281 2
185 57 2
377 53 2
150 399 2
86 425 2
479 498 2
75 175 2
263 353 2
168 437 2
174 2 2
409 212 2
269 20 2
316 439 2
133 439 2
429 339 2
448 428 2
382 448 2
276 278 2
347 371 2
423 261 2
5 74 2
320 252 2
118 40 2
27 196 2
477 277 2
471 284 2
318 16 2
100 428 2
465 338 2
92 452 2
457 372 2
352 308 2
139 486 2
65 28 2
63 80 2
457 481 2
55 254 2
243 200 2
92 130 2
225 423 2
56 365 2
486 234 2
220 382 2
371 403 2
207 33 2
9 421 2
391 227 2
121 27 2
380 86 2
201 417 2
396 359 2
107 332 2
146 151 2
337 240 2
280 316 2
390 461 2
410 269 2
334 418 2
500 18 2
351 408 2
66 297 2
136 261 2
223 120 2
31 50 2
238 114 2
110 359 2
209 116 2
484 379 2
3 222 2
43 215 2
470 14 2
1 47 2
83 30 2
154 87 2
311 405 2
20 387 2
283 466 2
101 240 2
464 253 2
438 209 2
139 140 2
166 427 2
16 353 2
211 448 2
180 310 2
48 313 2
208 450 2
74 40 2
446 379 2
251 366 2
294 41 2
219 35 2
147 54 2
333 437 2
170 132 2
472 122 2
334 363 2
40 101 2
478 213 2
254 88 2
145 28 2
302 120 2
7 367 2
273 446 2
114 132 2
477 414 2
196 105 2
296 211 2
43 216 2
373 83 2
175 474 2
260 180 2
31 59 2
315 500 2
315 415 2
97 39 2
246 232 2
297 462 2
299 104 2
77 392 2
464 414 2
296 158 2
210 402 2
459 417 2
162 41 2
196 481 2
492 219 2
459 418 2
217 467 2
247 209 2
17 247 2
202 162 2
325 435 2
356 477 2
422 185 2
434 275 2
78 310 2
324 500 2
74 22 2
290 343 2
149 247 2
375 259 2
418 486 2
38 290 2
436 64 2
294 100 2
443 379 2
498 222 2
472 462 2
190 210 2
187 216 2
111 231 2
256 222 2
105 11 2
486 323 2
330 115 2
112 350 2
172 425 2
170 52 2
179 366 2
4 291 2
182 416 2
60 454 2
69 306 2
184 431 2
351 274 2
370 8 2
392 308 2
123 395 2
393 69 2
101 168 2
74 81 2
401 346 2
87 226 2
68 383 2
39 10 2
233 441 2
135 427 2
173 428 2
92 494 2
20 129 2
354 152 2
320 9 2
319 79 2
345 125 2
278 281 2
31 197 2
443 214 2
429 455 2
231 159 2
203 38 2
26 251 2
202 228 2
324 35 2
297 198 2
12 82 2
451 186 2
173 382 2
13 15 2
362 474 2
332 472 2
202 154 2
314 149 2
163 421 2
180 96 2
15 14 2
346 388 2
40 65 2
60 464 2
442 129 2
387 243 2
115 382 2
95 33 2
385 393 2
203 85 2
286 97 2
361 428 2
251 116 2
67 318 2
301 380 2
246 37 2
412 472 2
75 487 2
217 474 2
253 281 2
478 192 2
160 425 2
459 118 2
305 77 2
166 378 2
133 119 2
30 337 2
377 287 2
191 369 2
194 3 2
454 123 2
245 446 2
221 439 2
147 375 2
162 91 2
424 452 2
188 105 2
290 460 2
362 260 2
232 355 2
22 113 2
402 498 2
471 436 2
337 155 2
47 270 2
376 293 2
315 222 2
314 455 2
92 500 2
390 64 2
58 14 2
300 99 2
482 90 2
88 116 2
120 186 2
474 481 2
150 222 2
153 188 2
372 456 2
219 101 2
247 266 2
179 349 2
91 320 2
386 458 2
214 469 2
372 208 2
394 445 2
189 462 2
25 343 2
393 472 2
307 242 2
73 136 2
449 447 2
458 441 2
20 429 2
461 17 2
37 16 2
476 103 2
271 83 2
250 325 2
83 466 2
125 205 2
362 317 2
304 399 2
261 83 2
464 126 2
274 372 2
331 233 2
238 388 2
72 269 2
381 263 2
180 414 2
418 496 2
73 170 2
311 394 2
143 124 2
227 281 2
372 490 2
490 172 2
30 169 2
71 473 2
236 372 2
155 263 2
230 68 2
283 55 2
63 482 2
384 49 2
153 232 2
265 256 2
406 109 2
361 446 2
337 188 2
387 46 2
50 265 2
491 462 2
359 443 2
318 442 2
446 45 2
58 246 2
382 87 2
138 8 2
328 109 2
220 289 2
27 276 2
26 452 2
244 130 2
168 177 2
493 218 2
255 199 2
253 465 2
227 127 2
57 5 2
326 140 2
174 288 2
132 272 2
383 475 2
315 142 2
385 473 2
225 55 2
35 456 2
427 20 2
477 161 2
484 123 2
63 185 2
401 471 2
98 157 2
278 405 2
401 16 2
137 459 2
119 355 2
241 238 2
140 397 2
292 486 2
65 395 2
60 462 2
71 112 2
102 14 2
82 449 2
339 319 2
175 226 2
20 93 2
247 263 2
130 397 2
68 92 2
440 466 2
456 143 2
115 35 2
244 121 2
227 324 2
296 358 2
351 34 2
356 119 2
343 58 2
182 465 2
122 492 2
127 56 2
165 137 2
93 205 2
485 5 2
204 65 2
176 87 2
125 310 2
295 236 2
338 436 2
2 266 2
283 104 2
231 86 2
352 466 2
132 195 2
236 170 2
332 72 2
16 77 2
6 7 2
306 151 2
485 492 2
132 99 2
117 340 2
338 438 2
408 49 2
254 192 2
16 229 2
110 212 2
302 109 2
389 10 2
14 112 2
319 416 2
415 419 2
332 217 2
231 124 2
188 411 2
477 122 2
341 84 2
228 211 2
160 413 2
424 276 2
282 119 2
364 412 2
51 425 2
168 107 2
288 342 2
275 86 2
347 432 2
450 435 2
476 290 2
136 196 2
354 103 2
471 19 2
424 345 2
381 389 2
485 308 2
69 398 2
58 205 2
15 301 2
390 408 2
294 278 2
39 454 2
53 371 2
422 251 2
446 478 2
315 113 2
134 385 2
34 456 2
400 45 2
15 239 2
489 394 2
172 462 2
439 253 2
334 263 2
384 156 2
371 13 2
6 354 2
221 463 2
91 112 2
231 415 2
483 211 2
323 232 2
304 341 2
172 135 2
85 361 2
119 132 2
214 444 2
161 299 2
338 73 2
383 269 2
355 37 2
281 94 2
234 369 2
170 165 2
169 401 2
177 28 2
365 355 2
373 422 2
60 365 2
257 472 2
182 401 2
215 14 2
169 251 2
232 362 2
453 14 2
443 320 2
291 491 2
13 294 2
106 116 2
250 297 2
205 61 2
65 471 2
444 298 2
186 30 2
165 479 2
14 226 2
484 492 2
62 423 2
391 385 2
270 473 2
249 426 2
387 106 2
137 323 2
3 287 2
259 385 2
399 348 2
164 155 2
84 416 2
221 266 2
227 354 2
18 214 2
314 103 2
199 247 2
170 418 2
249 394 2
148 403 2
3 362 2
394 143 2
149 404 2
232 447 2
448 248 2
123 242 2
297 429 2
173 169 2
211 365 2
197 349 2
481 329 2
110 450 2
24 264 2
428 76 2
59 166 2
467 119 2
292 20 2
403 103 2
179 19 2
1 471 2
130 395 2
174 159 2
222 201 2
199 428 2
399 273 2
347 279 2
356 65 2
432 229 2
17 117 2
95 329 2
49 90 2
450 313 2
161 310 2
427 334 2
347 361 2
162 287 2
338 125 2
357 126 2
118 430 2
182 24 2
240 497 2
452 183 2
113 61 2
6 471 2
141 410 2
487 98 2
162 371 2
435 236 2
191 228 2
264 100 2
270 291 2
404 458 2
350 262 2
37 447 2
256 142 2
286 370 2
35 378 2
122 389 2
29 163 2
464 169 2
8 290 2
261 79 2
365 357 2
116 362 2
352 456 2
333 121 2
454 64 2
343 485 2
477 73 2
311 422 2
486 105 2
347 460 2
347 103 2
331 128 2
244 237 2
439 188 2
28 363 2
10 428 2
279 252 2
178 247 2
257 355 2
317 228 2
48 425 2
347 445 2
136 386 2
19 94 2
344 105 2
284 494 2
409 140 2
477 491 2
90 239 2
458 96 2
119 394 2
178 403 2
28 272 2
1 136 2
442 202 2
194 30 2
18 311 2
468 194 2
395 371 2
493 378 2
47 61 2
90 152 2
39 239 2
131 429 2
63 238 2
16 362 2
12 300 2
79 21 2
111 386 2
420 277 2
143 228 2
378 147 2
44 428 2
396 151 2
130 267 2
462 436 2
344 477 2
244 377 2
418 131 2
378 318 2
66 263 2
103 358 2
344 111 2
100 155 2
442 465 2
221 165 2
239 415 2
111 148 2
229 232 2
433 294 2
457 112 2
101 121 2
188 62 2
254 158 2
96 240 2
38 288 2
266 418 2
168 459 2
467 379 2
126 89 2
100 257 2
217 456 2
296 80 2
326 450 2
293 31 2
42 356 2
238 425 2
499 408 2
219 281 2
310 120 2
261 81 2
459 58 2
471 340 2
243 424 2
161 344 2
155 298 2
47 358 2
497 80 2
105 251 2
241 248 2
293 497 2
127 430 2
383 422 2
410 232 2
299 199 2
186 418 2
413 59 2
385 351 2
212 180 2
187 80 2
116 479 2
194 100 2
173 3 2
287 145 2
210 430 2
110 415 2
114 332 2
476 418 2
43 318 2
399 214 2
436 357 2
12 285 2
110 84 2
331 228 2
404 408 2
293 387 2
469 108 2
281 172 2
246 425 2
193 331 2
364 173 2
197 82 2
1 82 2
372 117 2
221 401 2
263 81 2
492 370 2
53 155 2
463 495 2
465 412 2
3 479 2
288 437 2
62 344 2
338 91 2
492 169 2
399 360 2
56 378 2
55 304 2
401 45 2
317 481 2
394 38 2
288 354 2
70 29 2
433 158 2
1 18 2
46 181 2
133 246 2
3 39 2
426 32 2
129 384 2
198 101 2
87 384 2
173 88 2
363 499 2
419 264 2
429 318 2
73 356 2
131 308 2
473 401 2
451 296 2
72 126 2
276 172 2
457 292 2
256 176 2
309 424 2
87 275 2
325 55 2
6 148 2
337 147 2
470 455 2
219 448 2
92 485 2
303 95 2
26 135 2
148 197 2
324 439 2
306 190 2
405 254 2
253 334 2
461 323 2
278 189 2
299 188 2
330 368 2
31 256 2
138 41 2
201 6 2
93 359 2
459 210 2
38 213 2
20 299 2
53 39 2
387 419 2
288 55 2
458 392 2
148 363 2
306 384 2
211 449 2
330 204 2
314 36 2
32 286 2
361 230 2
36 270 2
41 137 2
355 480 2
181 432 2
191 127 2
75 258 2
172 474 2
414 320 2
27 222 2
5 338 2
187 126 2
125 201 2
209 266 2
460 401 2
159 395 2
241 78 2
397 466 2
183 192 2
462 118 2
119 422 2
144 21 2
308 295 2
4 38 2
222 132 2
476 259 2
444 328 2
158 497 2
202 441 2
70 442 2
349 44 2
342 237 2
339 397 2
408 394 2
262 260 2
13 48 2
490 357 2
27 371 2
450 57 2
117 470 2
475 68 2
205 439 2
345 158 2
203 316 2
58 422 2
384 342 2
36 476 2
37 319 2
430 169 2
49 370 2
433 140 2
105 252 2
384 354 2
264 342 2
1 11 2
420 118 2
100 167 2
271 175 2
475 192 2
46 28 2
104 449 2
282 394 2
285 493 2
405 177 2
39 281 2
208 191 2
500 384 2
339 2 2
141 25 2
94 348 2
148 78 2
399 413 2
458 276 2
497 262 2
139 201 2
397 288 2
275 187 2
38 386 2
238 181 2
467 37 2
83 148 2
218 251 2
488 338 2
154 24 2
266 486 2
248 170 2
213 93 2
287 117 2
352 261 2
399 407 2
33 139 2
148 309 2
441 46 2
447 143 2
285 68 2
459 475 2
480 473 2
442 332 2
380 53 2
96 475 2
165 190 2
324 492 2
267 223 2
238 357 2
81 141 2
164 248 2
366 39 2
398 13 2
236 348 2
484 1 2
327 451 2
352 376 2
411 155 2
279 48 2
461 348 2
436 447 2
327 227 2
341 366 2
92 284 2
108 77 2
58 392 2
481 174 2
377 358 2
365 158 2
177 406 2
338 360 2
288 281 2
247 19 2
10 156 2
498 52 2
251 123 2
47 178 2
344 175 2
185 61 2
144 349 2
160 20 2
156 412 2
385 203 2
411 98 2
387 271 2
230 442 2
488 177 2
387 91 2
75 46 2
218 70 2
225 199 2
286 161 2
380 447 2
355 444 2
128 108 2
231 359 2
305 211 2
441 146 2
340 73 2
72 480 2
38 392 2
379 495 2
421 162 2
93 58 2
166 271 2
104 83 2
413 7 2
4 136 2
330 410 2
306 436 2
43 432 2
218 313 2
50 142 2
424 60 2
335 108 2
476 80 2
390 88 2
282 139 2
129 13 2
153 149 2
5 273 2
68 416 2
412 144 2
263 378 2
191 446 2
263 41 2
86 84 2
294 144 2
244 174 2
263 180 2
5 332 2
257 196 2
22 470 2
326 401 2
348 459 2
231 99 2
300 308 2
298 147 2
119 186 2
147 97 2
319 216 2
115 358 2
402 340 2
34 399 2
208 390 2
350 466 2
338 41 2
101 318 2
393 395 2
482 400 2
222 495 2
478 179 2
273 286 2
335 184 2
428 98 2
141 105 2
476 342 2
259 309 2
415 266 2
59 457 2
286 328 2
95 216 2
405 69 2
203 192 2
262 332 2
413 331 2
375 253 2
464 129 2
4 147 2
128 42 2
142 217 2
328 154 2
387 479 2
138 101 2
263 63 2
431 417 2
461 310 2
40 102 2
398 375 2
368 104 2
281 440 2
483 270 2
490 34 2
142 232 2
487 246 2
319 277 2
130 270 2
287 141 2
48 185 2
21 323 2
11 221 2
125 241 2
93 275 2
137 467 2
15 327 2
273 204 2
166 206 2
81 347 2
172 84 2
463 136 2
390 137 2
21 445 2
22 234 2
285 3 2
123 499 2
437 216 2
206 332 2
277 223 2
159 84 2
183 126 2
378 223 2
228 78 2
476 81 2
459 247 2
183 15 2
228 96 2
68 234 2
232 85 2
268 383 2
228 147 2
488 44 2
132 7 2
457 320 2
441 191 2
358 480 2
109 357 2
365 366 2
398 420 2
200 110 2
18 441 2
162 496 2
168 322 2
457 442 2
466 34 2
316 37 2
354 172 2
112 120 2
101 70 2
456 280 2
232 391 2
7 27 2
478 444 2
158 321 2
306 325 2
214 488 2
469 47 2
487 210 2
60 262 2
184 214 2
156 155 2
479 429 2
14 448 2
184 51 2
10 285 2
324 355 2
99 316 2
86 370 2
364 206 2
195 320 2
278 401 2
442 186 2
67 478 2
277 436 2
8 437 2
439 134 2
298 14 2
500 211 2
262 180 2
367 265 2
117 357 2
123 400 2
128 24 2
397 58 2
13 8 2
380 402 2
374 392 2
396 406 2
113 386 2
27 52 2
116 415 2
149 382 2
197 379 2
399 16 2
238 484 2
19 454 2
381 111 2
66 246 2
377 4 2
141 134 2
100 195 2
334 386 2
447 468 2
235 109 2
102 380 2
52 385 2
58 213 2
468 125 2
220 134 2
246 299 2
208 347 2
29 161 2
404 214 2
329 38 2
297 257 2
290 3 2
400 163 2
372 73 2
283 163 2
422 293 2
132 353 2
214 88 2
176 69 2
102 151 2
419 178 2
196 317 2
488 375 2
76 358 2
249 316 2
462 400 2
243 272 2
425 355 2
445 387 2
363 243 2
293 338 2
472 39 2
313 481 2
294 375 2
223 335 2
239 400 2
135 197 2
143 216 2
190 38 2
448 189 2
376 229 2
437 40 2
85 237 2
180 191 2
282 175 2
479 327 2
309 145 2
283 243 2
137 280 2
342 245 2
374 164 2
33 362 2
264 62 2
477 112 2
459 402 2
4 483 2
71 315 2
384 124 2
479 457 2
211 403 2
466 325 2
265 55 2
346 43 2
73 249 2
119 14 2
493 463 2
307 228 2
362 85 2
316 206 2
52 472 2
402 81 2
401 93 2
455 439 2
167 146 2
39 320 2
89 499 2
163 249 2
419 161 2
66 289 2
54 160 2
465 266 2
139 239 2
220 18 2
444 254 2
412 11 2
101 116 2
237 219 2
256 146 2
218 451 2
102 36 2
347 261 2
492 374 2
262 179 2
12 163 2
91 11 2
11 86 2
220 473 2
470 451 2
81 124 2
459 41 2
171 364 2
357 65 2
225 497 2
237 112 2
257 114 2
293 449 2
125 38 2
398 300 2
132 187 2
471 213 2
131 419 2
474 256 2
63 347 2
284 66 2
143 40 2
117 109 2
26 265 2
215 368 2
125 99 2
454 4 2
456 273 2
403 258 2
142 49 2
369 463 2
