50 100 999
17 26 2
9 41 2
7 14 2
50 47 2
49 10 2
3 5 2
39 46 2
23 21 2
19 32 2
33 13 2
10 47 2
30 46 2
24 28 2
25 45 2
1 44 2
6 16 2
18 12 2
38 42 2
40 42 2
18 10 2
23 17 2
25 18 2
44 37 2
44 5 2
30 35 2
39 9 2
35 25 2
38 3 2
14 20 2
20 45 2
15 13 2
22 48 2
1 48 2
18 19 2
27 1 2
5 26 2
47 43 2
17 6 2
42 1 2
13 9 2
34 11 2
29 40 2
31 2 2
38 1 2
24 13 2
37 11 2
33 8 2
32 40 2
43 36 2
48 3 2
30 48 2
45 18 2
26 31 2
16 15 2
6 8 2
4 39 2
34 50 2
18 46 2
4 49 2
13 29 2
6 4 2
37 35 2
29 46 2
32 24 2
44 11 2
28 15 2
21 16 2
13 48 2
49 38 2
26 38 2
14 19 2
28 27 2
42 31 2
29 23 2
2 12 2
19 30 2
8 30 2
8 26 2
33 46 2
7 23 2
19 41 2
19 48 2
10 26 2
40 15 2
11 22 2
41 3 2
36 2 2
17 22 2
38 4 2
32 18 2
21 48 2
12 21 2
27 18 2
39 43 2
12 16 2
4 27 2
37 31 2
28 31 2
40 19 2
9 42 2
