200 1000 299
149 183 2
7 47 2
167 156 2
35 111 2
185 127 2
178 35 2
190 131 2
37 149 2
55 185 2
162 39 2
43 102 2
122 20 2
60 111 2
51 172 2
191 69 2
61 164 2
152 79 2
41 102 2
40 60 2
197 61 2
43 195 2
156 84 2
137 176 2
32 113 2
39 114 2
27 99 2
81 128 2
169 9 2
106 83 2
46 70 2
181 126 2
146 70 2
198 154 2
98 103 2
16 182 2
159 79 2
134 14 2
84 128 2
57 20 2
80 46 2
165 7 2
116 108 2
124 45 2
36 200 2
144 62 2
160 155 2
158 66 2
164 200 2
165 193 2
74 59 2
95 155 2
18 13 2
15 129 2
60 166 2
182 187 2
31 14 2
14 103 2
45 153 2
8 106 2
16 44 2
167 56 2
79 46 2
169 136 2
54 199 2
145 32 2
42 16 2
86 195 2
160 118 2
45 17 2
129 63 2
153 170 2
61 52 2
128 77 2
96 62 2
124 85 2
47 143 2
21 176 2
123 71 2
119 1 2
75 103 2
178 92 2
165 37 2
25 105 2
150 179 2
103 52 2
19 178 2
71 171 2
115 22 2
154 41 2
144 51 2
123 131 2
102 100 2
77 161 2
83 60 2
10 105 2
181 196 2
146 98 2
160 67 2
3 38 2
130 174 2
172 80 2
45 121 2
148 71 2
122 37 2
93 95 2
161 107 2
53 89 2
76 69 2
137 179 2
141 153 2
105 51 2
135 151 2
48 185 2
120 184 2
98 143 2
172 125 2
17 85 2
107 112 2
8 189 2
177 194 2
18 99 2
149 83 2
66 19 2
65 72 2
16 9 2
59 132 2
172 129 2
1 180 2
58 23 2
182 8 2
107 191 2
136 129 2
30 5 2
126 11 2
191 98 2
75 61 2
21 143 2
35 196 2
71 196 2
108 21 2
85 32 2
161 122 2
27 13 2
78 82 2
23 2 2
2 89 2
105 86 2
186 50 2
92 121 2
145 20 2
40 15 2
42 106 2
5 62 2
142 30 2
58 18 2
80 96 2
200 199 2
59 128 2
162 3 2
168 44 2
94 41 2
48 11 2
27 28 2
156 132 2
87 89 2
48 193 2
61 163 2
170 19 2
171 152 2
74 184 2
122 186 2
137 193 2
98 87 2
177 110 2
108 25 2
36 27 2
134 131 2
146 62 2
39 181 2
120 175 2
2 26 2
178 43 2
78 197 2
50 20 2
50 132 2
29 191 2
25 96 2
198 26 2
127 88 2
126 51 2
39 118 2
54 84 2
170 118 2
59 7 2
113 153 2
37 107 2
68 48 2
92 4 2
16 159 2
9 186 2
139 18 2
145 185 2
48 8 2
93 99 2
25 121 2
46 71 2
145 52 2
164 157 2
47 36 2
91 108 2
198 165 2
86 58 2
71 167 2
2 64 2
89 14 2
188 31 2
58 42 2
43 121 2
187 199 2
89 8 2
39 92 2
87 75 2
157 196 2
75 116 2
59 26 2
187 114 2
77 109 2
192 41 2
24 39 2
5 199 2
133 24 2
16 32 2
50 31 2
151 34 2
70 194 2
87 36 2
177 42 2
146 18 2
29 120 2
2 168 2
170 158 2
120 65 2
187 188 2
153 93 2
94 185 2
2 110 2
162 86 2
187 19 2
138 8 2
190 184 2
151 154 2
120 116 2
95 168 2
9 68 2
3 190 2
166 129 2
9 20 2
99 49 2
49 182 2
16 113 2
87 4 2
166 20 2
76 178 2
98 197 2
116 137 2
4 79 2
54 11 2
30 31 2
143 185 2
37 28 2
191 168 2
102 149 2
61 36 2
187 140 2
130 82 2
157 166 2
50 190 2
122 47 2
59 29 2
117 130 2
118 19 2
63 163 2
112 138 2
61 125 2
3 179 2
110 83 2
18 12 2
21 80 2
158 115 2
40 17 2
141 175 2
105 190 2
92 76 2
86 94 2
177 39 2
161 82 2
85 180 2
198 196 2
151 65 2
103 111 2
136 51 2
96 43 2
15 31 2
132 168 2
51 81 2
5 42 2
160 96 2
66 17 2
74 72 2
35 17 2
144 63 2
56 194 2
67 56 2
155 72 2
12 2 2
119 61 2
176 135 2
167 24 2
191 28 2
198 64 2
146 59 2
18 95 2
183 28 2
174 35 2
50 112 2
31 146 2
153 95 2
120 61 2
75 62 2
75 38 2
155 15 2
136 27 2
81 119 2
131 128 2
151 117 2
147 163 2
140 197 2
16 183 2
16 81 2
172 40 2
7 144 2
126 176 2
103 127 2
57 36 2
167 54 2
120 3 2
93 27 2
71 163 2
129 35 2
156 72 2
75 70 2
132 89 2
33 86 2
117 159 2
175 114 2
115 106 2
99 24 2
190 138 2
129 195 2
149 79 2
16 59 2
25 34 2
43 113 2
182 99 2
75 10 2
175 95 2
6 115 2
58 4 2
11 93 2
26 111 2
112 59 2
21 20 2
118 198 2
69 31 2
131 31 2
197 88 2
77 158 2
121 190 2
152 29 2
57 73 2
79 85 2
4 27 2
148 42 2
109 196 2
104 167 2
11 58 2
54 164 2
112 146 2
200 85 2
93 125 2
139 170 2
67 20 2
139 67 2
40 140 2
152 179 2
119 147 2
131 163 2
114 5 2
21 100 2
173 123 2
117 156 2
17 176 2
86 150 2
29 1 2
103 84 2
22 102 2
52 155 2
102 180 2
39 161 2
77 176 2
164 76 2
89 23 2
103 67 2
193 41 2
111 128 2
12 49 2
44 46 2
122 198 2
122 53 2
186 163 2
170 44 2
52 108 2
190 32 2
191 157 2
90 75 2
4 192 2
147 100 2
168 113 2
83 3 2
166 174 2
142 133 2
130 77 2
199 142 2
139 22 2
172 4 2
130 187 2
18 9 2
124 149 2
130 61 2
122 193 2
190 110 2
146 198 2
173 177 2
95 6 2
195 62 2
13 70 2
188 196 2
77 44 2
135 114 2
143 160 2
99 146 2
154 23 2
113 165 2
3 153 2
63 147 2
76 91 2
37 186 2
75 179 2
23 91 2
33 20 2
45 53 2
10 8 2
63 29 2
70 109 2
68 145 2
182 24 2
145 122 2
44 27 2
140 127 2
107 167 2
168 114 2
101 96 2
33 42 2
125 148 2
4 135 2
53 65 2
83 129 2
136 79 2
83 126 2
179 144 2
44 187 2
11 150 2
143 66 2
81 105 2
75 2 2
193 1 2
173 20 2
108 50 2
193 188 2
196 197 2
74 148 2
161 163 2
61 74 2
142 29 2
189 180 2
104 12 2
119 27 2
98 186 2
153 98 2
176 182 2
192 82 2
50 138 2
175 3 2
194 2 2
185 46 2
166 49 2
107 139 2
141 172 2
169 148 2
99 141 2
171 196 2
178 144 2
118 116 2
185 78 2
120 151 2
65 80 2
42 138 2
155 32 2
87 110 2
60 10 2
193 163 2
65 68 2
104 115 2
4 177 2
104 112 2
179 64 2
97 197 2
48 200 2
126 125 2
88 180 2
141 89 2
166 45 2
89 85 2
144 187 2
196 147 2
122 25 2
84 163 2
76 68 2
128 189 2
74 44 2
144 37 2
36 177 2
122 102 2
175 116 2
160 129 2
66 54 2
149 88 2
154 99 2
120 59 2
64 34 2
158 15 2
148 115 2
116 50 2
130 179 2
111 11 2
20 148 2
142 50 2
68 136 2
61 132 2
107 20 2
69 90 2
127 27 2
58 199 2
153 129 2
174 21 2
110 183 2
200 42 2
191 180 2
26 175 2
173 100 2
15 83 2
115 166 2
100 119 2
50 54 2
118 93 2
1 33 2
59 55 2
16 127 2
17 83 2
81 52 2
172 190 2
17 173 2
103 81 2
183 33 2
37 82 2
45 8 2
5 134 2
178 101 2
112 141 2
153 75 2
117 60 2
162 125 2
136 1 2
122 169 2
101 136 2
102 153 2
59 10 2
33 66 2
91 78 2
16 36 2
94 148 2
46 25 2
62 137 2
154 83 2
68 80 2
74 116 2
169 125 2
53 130 2
6 58 2
151 130 2
71 97 2
7 160 2
35 76 2
191 158 2
3 58 2
95 169 2
34 49 2
130 65 2
10 117 2
117 199 2
28 49 2
147 15 2
78 140 2
43 3 2
161 168 2
71 160 2
121 62 2
22 117 2
178 174 2
180 133 2
38 72 2
48 92 2
164 140 2
19 1 2
120 42 2
22 57 2
86 35 2
26 154 2
70 183 2
8 67 2
169 7 2
6 48 2
191 114 2
7 131 2
44 166 2
87 131 2
7 167 2
96 33 2
114 189 2
73 165 2
116 44 2
140 160 2
166 24 2
88 198 2
75 110 2
182 86 2
103 19 2
51 124 2
196 81 2
57 29 2
55 174 2
30 174 2
11 68 2
31 98 2
108 182 2
144 128 2
81 66 2
109 25 2
108 54 2
197 117 2
105 116 2
117 134 2
100 171 2
177 64 2
95 98 2
197 158 2
3 24 2
128 137 2
104 138 2
24 198 2
80 1 2
36 146 2
192 62 2
39 141 2
4 89 2
187 35 2
113 126 2
85 119 2
52 73 2
166 194 2
61 192 2
122 92 2
127 139 2
22 59 2
155 114 2
1 114 2
69 11 2
132 31 2
53 197 2
56 113 2
193 96 2
158 159 2
74 86 2
90 15 2
200 147 2
68 47 2
196 168 2
37 114 2
102 178 2
65 6 2
24 180 2
80 192 2
83 143 2
147 138 2
74 153 2
105 8 2
117 149 2
13 5 2
171 125 2
31 56 2
93 187 2
66 55 2
109 51 2
114 199 2
81 78 2
156 37 2
10 32 2
135 175 2
105 33 2
108 128 2
31 64 2
176 76 2
176 150 2
31 52 2
182 42 2
104 177 2
96 56 2
189 123 2
101 61 2
11 74 2
64 4 2
11 49 2
70 174 2
23 7 2
137 14 2
8 172 2
190 104 2
147 179 2
193 46 2
72 20 2
170 137 2
23 57 2
131 96 2
65 143 2
38 150 2
49 5 2
35 114 2
14 196 2
26 21 2
97 99 2
72 99 2
131 158 2
94 180 2
70 192 2
11 133 2
123 30 2
49 175 2
18 98 2
148 150 2
72 45 2
188 154 2
177 128 2
15 189 2
155 28 2
61 2 2
34 44 2
166 56 2
87 151 2
192 154 2
25 107 2
29 80 2
139 136 2
36 195 2
99 19 2
150 142 2
139 21 2
138 52 2
200 90 2
94 133 2
156 166 2
95 10 2
185 35 2
11 165 2
126 92 2
30 58 2
135 6 2
120 56 2
198 42 2
113 183 2
120 71 2
11 132 2
189 175 2
22 156 2
196 143 2
80 196 2
151 97 2
18 64 2
177 74 2
94 142 2
66 88 2
192 115 2
2 177 2
124 40 2
198 119 2
162 81 2
10 191 2
103 55 2
145 156 2
187 87 2
99 89 2
144 44 2
93 39 2
85 161 2
1 47 2
1 52 2
117 8 2
29 149 2
188 199 2
65 169 2
196 24 2
1 199 2
114 27 2
144 115 2
53 68 2
48 28 2
65 15 2
116 98 2
69 105 2
153 106 2
125 105 2
86 133 2
38 170 2
80 186 2
32 91 2
97 164 2
23 46 2
6 87 2
100 141 2
29 136 2
16 54 2
175 177 2
139 180 2
128 148 2
91 66 2
94 178 2
27 23 2
26 139 2
32 138 2
78 107 2
159 40 2
200 137 2
109 117 2
34 187 2
95 39 2
75 53 2
109 161 2
118 5 2
160 51 2
149 61 2
80 25 2
89 114 2
115 100 2
116 82 2
119 77 2
72 71 2
177 137 2
145 129 2
154 196 2
39 154 2
181 5 2
31 185 2
175 78 2
83 75 2
45 12 2
39 29 2
35 5 2
180 33 2
146 119 2
43 155 2
150 34 2
102 56 2
71 130 2
175 16 2
16 154 2
165 54 2
104 187 2
148 102 2
118 30 2
149 154 2
30 18 2
98 50 2
156 48 2
162 145 2
134 46 2
77 67 2
62 81 2
37 16 2
86 135 2
98 47 2
58 118 2
186 31 2
121 135 2
92 133 2
40 151 2
194 78 2
82 97 2
7 24 2
125 135 2
125 66 2
92 181 2
102 142 2
166 86 2
135 101 2
21 149 2
99 142 2
166 127 2
188 94 2
42 188 2
25 111 2
196 135 2
76 146 2
29 102 2
60 56 2
43 64 2
62 123 2
53 72 2
67 59 2
147 71 2
116 191 2
64 11 2
7 180 2
109 47 2
24 191 2
167 75 2
79 61 2
91 146 2
171 53 2
129 130 2
22 16 2
107 38 2
168 111 2
75 52 2
135 68 2
14 133 2
171 109 2
1 41 2
49 89 2
1 126 2
91 157 2
195 164 2
182 142 2
28 159 2
189 66 2
47 97 2
119 55 2
96 135 2
132 86 2
113 129 2
118 177 2
117 21 2
41 137 2
122 133 2
67 82 2
71 188 2
97 111 2
89 77 2
182 19 2
152 122 2
125 176 2
143 85 2
54 105 2
95 33 2
178 57 2
125 192 2
36 94 2
170 64 2
84 18 2
111 104 2
147 41 2
195 2 2
79 113 2
170 87 2
121 167 2
87 12 2
76 49 2
10 66 2
111 136 2
26 151 2
14 187 2
29 187 2
